         1 104.250000      2421.880000      19.2915      0.01188       917.82            89499         OK  13.900000   0.000000   0.000000   annulus     circle
         2 158.480000      2488.510000      19.7928      0.01681       911.25            56398         OK  12.600000   0.000000  90.000000   annulus     circle
         3 223.610000      2557.890000      19.2592      0.01019       914.36            92198         OK  12.100000   0.000000   0.000000   annulus     circle
         4 326.210000      2481.860000      20.5344      0.02935       916.16            28487         OK  11.200000   0.000000   0.000000   annulus     circle
         5 408.380000      2445.130000      19.3654      0.01266       915.75            83609         OK  13.900000   0.000000   0.000000   annulus     circle
         6 184.340000      2109.090000      18.3827      0.00602       915.48           206680         OK  15.700000   0.000000   0.000000   annulus     circle
         7 144.160000      2120.590000      20.4547      0.02731       916.92            30657         OK  11.200000   0.000000   0.000000   annulus     circle
         8 593.750000      2334.970000      14.3639      0.00046       931.07       8.3722e+06         OK  29.500000   0.000000   0.000000   annulus     circle
         9 634.350000      2465.190000      18.0037      0.00448       919.38           293050         OK  16.100000   0.000000   0.000000   annulus     circle
        10 501.590000      2557.010000      19.3233      0.01152       923.54            86909         OK  13.000000   0.000000   0.000000   annulus     circle
        11 621.120000      1992.960000      17.8554      0.00423       915.81           335920         OK  17.500000   0.000000   0.000000   annulus     circle
        12 743.940000      2146.130000      18.3656      0.00653       922.44           209960         OK  17.500000   0.000000   0.000000   annulus     circle
        13 447.820000      2190.400000      17.7751      0.00381       926.43           361710         OK  16.600000   0.000000   0.000000   annulus     circle
        14 220.940000      1822.250000      17.7401      0.00339       905.54           373570         OK  14.900000   0.000000   0.000000   annulus     circle
        15 491.000000      1671.400000      18.0968      0.00526       901.92           268950         OK  18.000000   0.000000   0.000000   annulus     circle
        16 775.440000      1685.800000      16.6325      0.00194       916.87       1.0361e+06         OK  23.100000   0.000000   0.000000   annulus     circle
        17 918.090000      1918.120000      16.8711      0.00208       937.87           831670         OK  19.300000   0.000000   0.000000   annulus     circle
        18 1025.230000      1870.190000      19.2524      0.01077       937.56            92776         OK  12.800000   0.000000   0.000000   annulus     circle
        19 844.200000      1582.060000      17.6782      0.00351       925.08           395460         OK  16.500000   0.000000   0.000000   annulus     circle
        20 1231.080000      1633.360000      14.5434       0.0005       973.14       7.0962e+06         OK  27.200000   0.000000   0.000000   annulus     circle
        21 1096.890000      1589.800000      17.1727      0.00251       945.64           629940         OK  17.900000   0.000000   0.000000   annulus     circle
        22 901.930000      1479.330000      18.7591      0.00746       909.71           146140         OK  13.900000   0.000000   0.000000   annulus     circle
        23 1052.170000      1408.280000      15.6936      0.00105       927.18       2.4601e+06         OK  26.400000   0.000000   0.000000   annulus     circle
        24 592.430000      1498.900000      15.3295      0.00073       910.09       3.4402e+06         OK  21.000000   0.000000   0.000000   annulus     circle
        25 814.470000      1357.440000      17.5268       0.0036       910.37           454670         OK  20.200000   0.000000   0.000000   annulus     circle
        26 716.940000      1149.620000      17.7034      0.00365       905.79           386410         OK  17.100000   0.000000   0.000000   annulus     circle
        27 834.760000      1237.940000      20.7089      0.03418       905.25            24256         OK  11.200000   0.000000  90.000000   annulus     circle
        28 554.390000      1098.110000      18.3353      0.00665       893.91           215920         OK  18.700000   0.000000  90.000000   annulus     circle
        29 812.080000      1052.760000      19.5222      0.01356       899.96            72362         OK  13.000000   0.000000   0.000000   annulus     circle
        30 630.240000      1024.440000      19.3185      0.01232       891.46            87300         OK  14.300000   0.000000   0.000000   annulus     circle
        31 656.380000      869.080000      17.3737      0.00323       888.47           523510         OK  20.900000   0.000000   0.000000   annulus     circle
        32 838.790000      826.590000      19.3639      0.01033       895.23            83718         OK  11.200000   0.000000   0.000000   annulus     circle
        33 945.870000      799.030000      19.6095      0.01463       896.96            66775         OK  13.000000   0.000000   0.000000   annulus     circle
        34 1146.250000      887.110000       15.141      0.00068       908.53       4.0924e+06         OK  23.800000   0.000000   0.000000   annulus     circle
        35 1006.430000      1045.270000       17.864      0.00391       904.54           333280         OK  15.800000   0.000000   0.000000   annulus     circle
        36 1132.440000      1072.140000      15.4415      0.00083        910.8       3.1032e+06         OK  23.500000   0.000000   0.000000   annulus     circle
        37 1069.970000      759.070000      18.1487      0.00523       896.99           256390         OK  17.000000   0.000000   0.000000   annulus     circle
        38 1298.200000      1172.490000      18.5516      0.00696       918.55           176910         OK  15.700000   0.000000   0.000000   annulus     circle
        39 1375.730000      832.130000       15.432      0.00081       917.34       3.1304e+06         OK  22.800000   0.000000  90.000000   annulus     circle
        40 1480.110000      1114.530000      15.9202      0.00125       938.72       1.9967e+06         OK  26.700000   0.000000   0.000000   annulus     circle
        41 1338.430000      989.980000      18.9466      0.00786       913.47           122960         OK  12.200000   0.000000   0.000000   annulus     circle
        42 1472.470000      778.260000      16.8225      0.00216       906.24           869790         OK  21.900000   0.000000   0.000000   annulus     circle
        43 1246.840000      764.250000       20.076      0.01898       900.02            43450         OK  11.000000   0.000000   0.000000   annulus     circle
        44 1300.470000      628.400000      18.5174      0.00646       901.35           182570         OK  15.000000   0.000000   0.000000   annulus     circle
        45 1401.400000      612.140000      19.0333      0.00924       901.28           113520         OK  13.600000   0.000000   0.000000   annulus     circle
        46 1538.640000      516.070000       16.671      0.00191       900.54            1e+06         OK  21.800000   0.000000   0.000000   annulus     circle
        47 1064.960000      502.060000      15.9925       0.0012       897.26       1.8681e+06         OK  23.500000   0.000000   0.000000   annulus     circle
        48 1147.830000      406.380000      15.3992      0.00088       893.92       3.2265e+06         OK  28.700000   0.000000   0.000000   annulus     circle
        49 889.140000      389.720000      14.7616      0.00057       886.63       5.8045e+06         OK  27.700000   0.000000   0.000000   annulus     circle
        50 998.450000      380.510000      20.0731      0.01989       887.22            43568         OK  11.700000   0.000000   0.000000   annulus     circle
        51 1158.270000      280.830000      19.4227      0.01251       884.69            79312         OK  13.200000   0.000000   0.000000   annulus     circle
        52 1345.060000      419.450000      18.4127      0.00639       898.81           201060         OK  16.500000   0.000000   0.000000   annulus     circle
        53 1417.720000      291.890000      13.8326      0.00035       902.07       1.3657e+07         OK  37.200000   0.000000   0.000000   annulus     circle
        54 1342.800000      170.000000      16.1999      0.00136       889.64       1.5433e+06         OK  22.400000   0.000000  90.000000   annulus     circle
        55 1476.860000      172.120000      19.1274       0.0104        886.1           104100         OK  14.300000   0.000000   0.000000   annulus     circle
        56 1642.780000      270.180000      17.0574      0.00227       892.97           700550         OK  18.100000   0.000000   0.000000   annulus     circle
        57 1745.570000      441.450000      16.3611      0.00167       899.28       1.3303e+06         OK  25.500000   0.000000   0.000000   annulus     circle
        58 1615.320000      616.380000      17.2951      0.00286       906.56           562830         OK  19.200000   0.000000   0.000000   annulus     circle
        59 1974.180000      303.740000      16.6348      0.00163        896.8       1.0339e+06         OK  17.700000   0.000000   0.000000   annulus     circle
        60 1947.780000      474.400000      15.7807      0.00106       905.57       2.2705e+06         OK  24.400000   0.000000  90.000000   annulus     circle
        61 1941.080000      766.360000      16.5796      0.00165       930.68       1.0878e+06         OK  19.000000   0.000000   0.000000   annulus     circle
        62 1827.290000      944.250000      15.5425       0.0009       933.33       2.8275e+06         OK  24.200000   0.000000   0.000000   annulus     circle
        63 1320.690000      2394.380000      15.6814      0.00113       1021.1        2.488e+06         OK  29.100000   0.000000   0.000000   annulus     circle
        64 1101.160000      2687.150000      14.6333      0.00055       966.08       6.5323e+06         OK  31.100000   0.000000   0.000000   annulus     circle
        65 784.410000      2907.830000      15.0757      0.00069       934.88       4.3461e+06         OK  26.600000   0.000000   0.000000   annulus     circle
        66 671.930000      2941.370000      14.9581      0.00063       933.76       4.8437e+06         OK  25.700000   0.000000   0.000000   annulus     circle
        67 822.890000      3176.950000      17.1443      0.00238       962.76           646690         OK  17.000000   0.000000   0.000000   annulus     circle
        68 1066.490000      3168.220000       17.048      0.00229       944.09           706630         OK  18.100000   0.000000   0.000000   annulus     circle
        69 1206.920000      2966.750000      19.5093      0.01508        960.2            73226         OK  14.300000   0.000000   0.000000   annulus     circle
        70 1121.760000      3504.830000      16.1723      0.00131       929.24        1.583e+06         OK  21.200000   0.000000   0.000000   annulus     circle
        71 1112.440000      3827.790000      15.7139      0.00098       933.05       2.4145e+06         OK  22.700000   0.000000   0.000000   annulus     circle
        72 1019.330000      3851.680000       13.652      0.00031       929.42       1.6128e+07         OK  35.100000   0.000000   0.000000   annulus     circle
        73 1268.240000      3884.990000      15.5041      0.00084       921.62       2.9293e+06         OK  22.300000   0.000000   0.000000   annulus     circle
        74 1116.830000      3647.860000      18.1195      0.00494       923.29           263400         OK  16.100000   0.000000  90.000000   annulus     circle
        75 1384.340000      3760.450000       19.508      0.01312       919.25            73320         OK  12.600000   0.000000   0.000000   annulus     circle
        76 1552.700000      3732.760000      16.5434       0.0021       920.53       1.1247e+06         OK  28.200000   0.000000   0.000000   annulus     circle
        77 1760.260000      3832.630000      17.8805      0.00442       918.33           328250         OK  18.000000   0.000000   0.000000   annulus     circle
        78 1837.480000      3835.800000      16.8896       0.0022       923.23           817660         OK  20.600000   0.000000   0.000000   annulus     circle
        79 1785.810000      4032.200000       15.219      0.00086       913.41       3.8087e+06         OK  34.100000   0.000000   0.000000   annulus     circle
        80 1795.510000      3571.590000      15.5938      0.00091       955.07        2.697e+06         OK  22.800000   0.000000   0.000000   annulus     circle
