id   Vmag    e_Vm  B-V     e_B-V
   1 14.242  0.005  0.573  0.007
   2 14.308  0.004  0.889  0.006
   3 14.503  0.004  0.844  0.006
   4 14.721  0.004  0.597  0.006
   5 14.736  0.004  0.824  0.006
   6 14.889  0.004  0.581  0.006
   7 15.030  0.004  1.379  0.006
   8 15.045  0.004  0.788  0.006
   9 15.063  0.004  0.073  0.006
  10 15.076  0.004  0.076  0.006
  11 15.174  0.004  0.780  0.006
  12 15.216  0.004  0.821  0.006
  13 15.221  0.004  0.047  0.006
  14 15.262  0.004  0.042  0.006
  15 15.356  0.004  0.779  0.006
  16 15.427  0.004  0.638  0.006
  17 15.431  0.004  0.782  0.006
  18 15.446  0.004 -0.005  0.006
  19 15.450  0.004  0.586  0.006
  20 15.478  0.004  0.774  0.006
  21 15.482  0.004 -0.039  0.006
  22 15.490  0.004  0.748  0.006
  23 15.524  0.004  0.769  0.006
  24 15.573  0.004  0.835  0.006
  25 15.586  0.004  0.564  0.006
  26 15.648  0.004  0.738  0.006
  27 15.692  0.004  0.834  0.006
  28 15.794  0.004  0.740  0.006
  29 15.866  0.004  0.721  0.006
  30 15.904  0.004  0.621  0.006
  31 15.925  0.004  0.728  0.006
  32 15.963  0.004  0.715  0.006
  33 15.974  0.004  0.719  0.006
  34 15.998  0.004 -0.073  0.006
  35 16.057  0.004  0.683  0.006
  36 16.091  0.004  0.699  0.006
  37 16.110  0.004  0.710  0.006
  38 16.156  0.004  0.720  0.006
  39 16.245  0.004  0.656  0.006
  40 16.306  0.004  0.705  0.006
  41 16.337  0.004  1.551  0.006
  42 16.342  0.004  0.702  0.006
  43 16.394  0.004  0.689  0.006
  44 16.420  0.004  0.579  0.006
  45 16.433  0.004 -0.092  0.006
  46 16.435  0.004  0.681  0.006
  47 16.529  0.004  0.665  0.006
  48 16.605  0.004  0.689  0.006
  49 16.650  0.004  0.830  0.006
  50 16.722  0.004  0.640  0.006
  51 16.746  0.004  0.674  0.006
  52 16.865  0.004  0.920  0.006
  53 16.914  0.004  0.922  0.006
  54 16.941  0.004  0.679  0.006
  55 16.959  0.004 -0.144  0.006
  56 17.010  0.004  0.879  0.006
  57 17.034  0.004  1.390  0.006
  58 17.091  0.004  0.650  0.006
  59 17.101  0.004  0.661  0.006
  60 17.136  0.004  0.766  0.006
  61 17.178  0.004  0.663  0.006
  62 17.188  0.004  0.661  0.006
  63 17.208  0.004  0.757  0.006
  64 17.214  0.004  0.755  0.006
  65 17.228  0.004  0.572  0.006
  66 17.244  0.004  0.627  0.006
  67 17.285  0.004  1.028  0.006
  68 17.416  0.004 -0.161  0.006
  69 17.435  0.004  0.637  0.006
  70 17.488  0.004  0.637  0.006
  71 17.534  0.004  0.609  0.006
  72 17.545  0.004  0.625  0.006
  73 17.602  0.004  0.768  0.006
  74 17.610  0.004  1.046  0.006
  75 17.626  0.004  0.566  0.006
  76 17.649  0.004  0.857  0.006
  77 17.722  0.004  0.608  0.006
  78 17.741  0.005  0.617  0.006
  79 17.776  0.004  0.580  0.006
  80 17.782  0.004  0.604  0.006
  81 17.793  0.005  1.641  0.007
  82 17.821  0.004  0.566  0.006
  83 17.826  0.004  0.559  0.006
  84 17.869  0.005  0.579  0.007
  85 17.874  0.005  0.782  0.007
  86 17.891  0.004  0.542  0.007
  87 17.895  0.005  0.552  0.007
  88 17.898  0.005  0.513  0.007
  89 17.908  0.004  0.535  0.006
  90 17.918  0.005  0.504  0.007
  91 17.921  0.005  0.512  0.006
  92 17.927  0.005  0.568  0.007
  93 17.945  0.005  0.525  0.007
  94 17.956  0.005  0.511  0.007
  95 17.969  0.005  0.486  0.007
  96 17.991  0.005  0.499  0.007
  97 17.993  0.004  0.492  0.006
  98 18.002  0.005  0.493  0.007
  99 18.002  0.005  0.485  0.007
 100 18.022  0.005  0.492  0.007
 101 18.025  0.005  0.510  0.007
 102 18.026  0.005  0.470  0.007
 103 18.026  0.005  0.465  0.006
 104 18.039  0.006  1.095  0.010
 105 18.044  0.005  0.472  0.007
 106 18.053  0.004  0.477  0.006
 107 18.054  0.004  0.487  0.006
 108 18.073  0.005  0.464  0.006
 109 18.079  0.005  0.464  0.007
 110 18.098  0.005  0.466  0.007
 111 18.125  0.005  0.457  0.007
 112 18.129  0.005  0.447  0.007
 113 18.129  0.005  0.461  0.007
 114 18.138  0.005  0.460  0.006
 115 18.139  0.005  0.458  0.007
 116 18.157  0.005  0.432  0.007
 117 18.168  0.005  0.718  0.007
 118 18.168  0.005  0.444  0.007
 119 18.170  0.005  0.524  0.007
 120 18.174  0.005  0.447  0.007
 121 18.176  0.005  0.448  0.007
 122 18.181  0.005  0.449  0.007
 123 18.182  0.005  1.369  0.007
 124 18.191  0.005  0.437  0.007
 125 18.198  0.005  0.439  0.007
 126 18.199  0.005  1.155  0.007
 127 18.202  0.005  0.443  0.007
 128 18.204  0.005  0.518  0.007
 129 18.210  0.005  0.453  0.007
 130 18.210  0.005  0.448  0.007
 131 18.227  0.005  0.444  0.007
 132 18.234  0.005  1.203  0.007
 133 18.237  0.005  0.455  0.007
 134 18.242  0.005  0.447  0.007
 135 18.242  0.005  0.444  0.007
 136 18.247  0.005  0.452  0.007
 137 18.254  0.005  0.441  0.007
 138 18.259  0.005  0.427  0.007
 139 18.260  0.005  0.441  0.007
 140 18.271  0.005  0.427  0.007
 141 18.273  0.005  0.439  0.007
 142 18.285  0.005  0.443  0.007
 143 18.294  0.005  0.442  0.007
 144 18.304  0.005  1.516  0.008
 145 18.317  0.005  0.439  0.007
 146 18.318  0.005  0.440  0.007
 147 18.333  0.005  0.444  0.007
 148 18.338  0.005  0.792  0.007
 149 18.340  0.006  0.441  0.008
 150 18.350  0.005  0.431  0.007
 151 18.351  0.005  0.455  0.007
 152 18.398  0.005  0.437  0.007
 153 18.399  0.005  0.417  0.007
 154 18.408  0.005  0.447  0.007
 155 18.408  0.005  0.426  0.007
 156 18.419  0.005  1.563  0.008
 157 18.420  0.005  0.415  0.007
 158 18.421  0.005  0.435  0.007
 159 18.431  0.005  0.441  0.007
 160 18.441  0.005  0.427  0.007
 161 18.448  0.005  0.437  0.007
 162 18.450  0.005  0.427  0.007
 163 18.451  0.005  0.432  0.007
 164 18.464  0.005  0.424  0.007
 165 18.477  0.005  0.434  0.007
 166 18.485  0.005  0.427  0.007
 167 18.491  0.005  0.420  0.007
 168 18.501  0.005  0.433  0.007
 169 18.502  0.005  0.427  0.007
 170 18.505  0.005  0.439  0.007
 171 18.506  0.006  0.464  0.008
 172 18.509  0.005  1.047  0.007
 173 18.512  0.005  0.450  0.007
 174 18.520  0.005  0.438  0.007
 175 18.529  0.005  0.427  0.007
 176 18.533  0.005  0.433  0.007
 177 18.539  0.005  0.408  0.007
 178 18.542  0.005  0.429  0.007
 179 18.545  0.005  0.444  0.007
 180 18.545  0.005  0.437  0.007
 181 18.553  0.005  0.408  0.007
 182 18.554  0.005  0.440  0.007
 183 18.560  0.005  0.439  0.007
 184 18.561  0.005  0.439  0.007
 185 18.562  0.005  0.427  0.007
 186 18.585  0.005  0.423  0.007
 187 18.588  0.007  0.453  0.010
 188 18.598  0.005  0.423  0.007
 189 18.598  0.005  0.432  0.007
 190 18.600  0.005  0.427  0.007
 191 18.601  0.005  0.434  0.007
 192 18.601  0.005  0.434  0.007
 193 18.606  0.005  0.442  0.007
 194 18.608  0.005  0.431  0.007
 195 18.619  0.005  0.433  0.007
 196 18.627  0.005  0.431  0.007
 197 18.631  0.005  0.409  0.008
 198 18.654  0.005  0.432  0.007
 199 18.665  0.005  0.439  0.007
 200 18.676  0.005  0.431  0.007
 201 18.677  0.005  0.438  0.007
 202 18.681  0.005  0.427  0.007
 203 18.682  0.005  0.433  0.007
 204 18.683  0.005  0.422  0.007
 205 18.685  0.005  0.928  0.008
 206 18.687  0.005  0.637  0.007
 207 18.703  0.005  0.446  0.008
 208 18.711  0.005  0.422  0.007
 209 18.711  0.005  0.441  0.007
 210 18.720  0.005  0.429  0.007
 211 18.722  0.005  0.424  0.007
 212 18.724  0.005  0.435  0.007
 213 18.726  0.005  0.668  0.007
 214 18.728  0.005  0.485  0.007
 215 18.732  0.005 -0.235  0.007
 216 18.735  0.005  0.429  0.007
 217 18.738  0.007  0.370  0.010
 218 18.741  0.005  0.437  0.007
 219 18.753  0.005  0.415  0.007
 220 18.754  0.005  0.425  0.007
 221 18.762  0.005  0.421  0.007
 222 18.763  0.005  0.447  0.007
 223 18.769  0.005  0.441  0.007
 224 18.775  0.006  0.441  0.009
 225 18.775  0.005  0.433  0.007
 226 18.776  0.005  0.460  0.007
 227 18.780  0.006  0.405  0.008
 228 18.786  0.005  0.433  0.007
 229 18.788  0.007  0.411  0.009
 230 18.788  0.005  0.440  0.007
 231 18.797  0.005  0.439  0.007
 232 18.797  0.005  0.453  0.007
 233 18.798  0.005  1.199  0.008
 234 18.800  0.005  0.435  0.007
 235 18.802  0.005  0.450  0.007
 236 18.810  0.005  0.429  0.007
 237 18.821  0.005  0.456  0.007
 238 18.826  0.005  0.439  0.007
 239 18.831  0.005  0.451  0.008
 240 18.836  0.005  0.441  0.007
 241 18.839  0.005  0.444  0.007
 242 18.841  0.005  0.429  0.007
 243 18.845  0.005  0.426  0.007
 244 18.850  0.005  0.446  0.007
 245 18.854  0.005  0.433  0.007
 246 18.855  0.005  0.440  0.007
 247 18.860  0.005  0.457  0.007
 248 18.865  0.005  0.447  0.007
 249 18.866  0.005  0.939  0.008
 250 18.871  0.005  0.435  0.007
 251 18.872  0.005  0.435  0.007
 252 18.875  0.005  0.420  0.007
 253 18.876  0.007  0.413  0.010
 254 18.880  0.006  0.461  0.008
 255 18.881  0.009  0.420  0.012
 256 18.882  0.005  0.453  0.007
 257 18.884  0.005  0.452  0.007
 258 18.886  0.005  0.843  0.008
 259 18.893  0.005  0.511  0.007
 260 18.893  0.005  0.439  0.008
 261 18.899  0.005  0.429  0.008
 262 18.902  0.005  0.442  0.007
 263 18.903  0.005  0.443  0.007
 264 18.905  0.005  0.435  0.007
 265 18.908  0.005  0.412  0.008
 266 18.911  0.005  0.453  0.008
 267 18.913  0.005  0.432  0.007
 268 18.916  0.005  0.450  0.008
 269 18.918  0.005  0.457  0.007
 270 18.919  0.006  0.869  0.008
 271 18.921  0.005  0.443  0.007
 272 18.921  0.006  0.459  0.008
 273 18.923  0.005  0.434  0.008
 274 18.931  0.005  0.443  0.007
 275 18.932  0.005  0.417  0.008
 276 18.936  0.008  0.473  0.010
 277 18.939  0.005  0.449  0.008
 278 18.941  0.005  0.413  0.008
 279 18.943  0.005  0.459  0.007
 280 18.956  0.005  0.441  0.008
 281 18.957  0.005  0.446  0.008
 282 18.960  0.006  0.452  0.008
 283 18.962  0.005  0.435  0.008
 284 18.966  0.005  0.451  0.008
 285 18.967  0.005  0.448  0.007
 286 18.968  0.005  0.450  0.008
 287 18.969  0.005  0.450  0.008
 288 18.986  0.007  0.463  0.009
 289 18.987  0.006  0.446  0.008
 290 18.990  0.005  0.448  0.008
 291 18.991  0.005  0.446  0.008
 292 18.992  0.005  0.453  0.008
 293 18.996  0.005  0.446  0.008
 294 19.002  0.005  0.438  0.008
 295 19.004  0.005  0.444  0.008
 296 19.005  0.005  0.427  0.008
 297 19.009  0.006  0.446  0.008
 298 19.013  0.005  0.447  0.008
 299 19.014  0.005  0.449  0.008
 300 19.018  0.006  0.452  0.010
 301 19.020  0.006  0.430  0.008
 302 19.026  0.005  0.433  0.007
 303 19.027  0.005  0.429  0.008
 304 19.028  0.005  0.453  0.008
 305 19.033  0.005  0.438  0.008
 306 19.035  0.006  0.422  0.008
 307 19.036  0.006  0.814  0.008
 308 19.039  0.006  0.439  0.008
 309 19.047  0.005  0.452  0.008
 310 19.047  0.006  0.456  0.008
 311 19.049  0.008  1.572  0.012
 312 19.054  0.005  0.444  0.008
 313 19.059  0.006  0.427  0.008
 314 19.061  0.006  0.459  0.008
 315 19.061  0.005  0.442  0.008
 316 19.061  0.007  0.233  0.012
 317 19.062  0.005  0.448  0.008
 318 19.069  0.005  0.456  0.008
 319 19.069  0.005  0.467  0.008
 320 19.074  0.005  0.464  0.008
 321 19.075  0.006  0.447  0.008
 322 19.080  0.006  0.449  0.008
 323 19.083  0.006  0.449  0.008
 324 19.084  0.006  0.441  0.008
 325 19.094  0.006  0.486  0.008
 326 19.094  0.006  0.441  0.008
 327 19.098  0.006  0.448  0.008
 328 19.101  0.007  0.498  0.009
 329 19.101  0.006  0.466  0.008
 330 19.102  0.007  1.616  0.013
 331 19.111  0.006  0.441  0.008
 332 19.113  0.006  0.466  0.008
 333 19.115  0.005  0.453  0.008
 334 19.119  0.006  0.451  0.008
 335 19.126  0.006  0.455  0.008
 336 19.132  0.006  0.496  0.008
 337 19.135  0.006  0.458  0.008
 338 19.135  0.006  0.472  0.009
 339 19.139  0.006  0.863  0.008
 340 19.143  0.006  0.458  0.008
 341 19.146  0.006  0.455  0.009
 342 19.148  0.006  0.453  0.008
 343 19.149  0.006  0.483  0.008
 344 19.154  0.007  0.502  0.009
 345 19.155  0.006  0.447  0.008
 346 19.156  0.006  0.450  0.008
 347 19.156  0.006  0.463  0.008
 348 19.164  0.006  0.469  0.008
 349 19.165  0.006  0.484  0.008
 350 19.166  0.006  0.442  0.008
 351 19.167  0.008  0.432  0.012
 352 19.175  0.006  0.476  0.008
 353 19.177  0.006  0.476  0.008
 354 19.178  0.006  0.456  0.008
 355 19.178  0.006  0.446  0.008
 356 19.185  0.006  0.464  0.008
 357 19.186  0.006  0.517  0.008
 358 19.186  0.006  0.465  0.009
 359 19.191  0.006  0.474  0.008
 360 19.193  0.006  0.524  0.010
 361 19.195  0.006  0.464  0.008
 362 19.196  0.006  0.458  0.008
 363 19.207  0.006  0.460  0.008
 364 19.209  0.006  0.456  0.008
 365 19.212  0.006  0.455  0.008
 366 19.231  0.006  0.478  0.009
 367 19.233  0.006  0.460  0.008
 368 19.233  0.006  0.477  0.008
 369 19.235  0.006  0.466  0.008
 370 19.236  0.006  0.484  0.008
 371 19.237  0.006  1.472  0.010
 372 19.240  0.007  0.489  0.010
 373 19.240  0.006  0.455  0.009
 374 19.247  0.006  0.450  0.008
 375 19.249  0.006  0.479  0.008
 376 19.256  0.007  0.484  0.009
 377 19.259  0.009  0.464  0.012
 378 19.260  0.006  0.455  0.008
 379 19.265  0.006  0.474  0.008
 380 19.268  0.006  0.472  0.008
 381 19.272  0.006  0.481  0.009
 382 19.273  0.006  0.442  0.009
 383 19.276  0.007  0.492  0.009
 384 19.277  0.006  0.475  0.008
 385 19.279  0.006  0.459  0.009
 386 19.282  0.006  0.589  0.009
 387 19.283  0.006  0.476  0.008
 388 19.283  0.006  1.393  0.011
 389 19.283  0.006  0.449  0.008
 390 19.284  0.006  0.457  0.008
 391 19.286  0.006  0.468  0.009
 392 19.289  0.006  0.458  0.008
 393 19.291  0.006  0.432  0.008
 394 19.294  0.006  0.441  0.009
 395 19.301  0.006  0.490  0.009
 396 19.303  0.006  0.458  0.009
 397 19.305  0.006  0.468  0.008
 398 19.310  0.006  0.461  0.008
 399 19.313  0.006  0.498  0.009
 400 19.318  0.006  0.451  0.008
 401 19.318  0.006  0.467  0.009
 402 19.328  0.008  0.438  0.012
 403 19.330  0.006  0.459  0.008
 404 19.330  0.007  0.477  0.009
 405 19.332  0.006  0.464  0.009
 406 19.340  0.006  0.473  0.009
 407 19.342  0.006  0.461  0.009
 408 19.345  0.006  0.476  0.009
 409 19.350  0.006  0.473  0.009
 410 19.350  0.006  0.489  0.008
 411 19.351  0.006  0.482  0.009
 412 19.352  0.006  0.463  0.009
 413 19.354  0.006  0.481  0.008
 414 19.355  0.006  0.467  0.009
 415 19.355  0.007  1.665  0.018
 416 19.362  0.006  0.459  0.009
 417 19.367  0.006  0.476  0.009
 418 19.368  0.007  0.472  0.009
 419 19.369  0.006  0.485  0.009
 420 19.371  0.006  1.165  0.010
 421 19.380  0.006  0.473  0.009
 422 19.380  0.006  0.458  0.008
 423 19.388  0.006  0.474  0.009
 424 19.390  0.006  0.467  0.009
 425 19.390  0.006  0.487  0.009
 426 19.391  0.006  0.481  0.009
 427 19.395  0.006  0.490  0.009
 428 19.399  0.006  0.501  0.009
 429 19.401  0.006  0.476  0.009
 430 19.403  0.006  0.474  0.009
 431 19.408  0.006  0.489  0.009
 432 19.413  0.006  0.473  0.009
 433 19.415  0.006  0.479  0.009
 434 19.416  0.006  0.479  0.009
 435 19.416  0.006  1.415  0.011
 436 19.417  0.006  0.484  0.009
 437 19.428  0.006  0.457  0.009
 438 19.431  0.007  0.489  0.009
 439 19.433  0.006  0.476  0.009
 440 19.434  0.007  0.490  0.009
 441 19.437  0.006  0.481  0.009
 442 19.437  0.007  0.493  0.009
 443 19.438  0.006  1.433  0.012
 444 19.442  0.007  0.381  0.009
 445 19.444  0.006  0.494  0.009
 446 19.445  0.007  0.469  0.009
 447 19.447  0.007  1.180  0.011
 448 19.454  0.007  0.477  0.009
 449 19.458  0.006  0.477  0.009
 450 19.459  0.006  0.483  0.009
 451 19.461  0.006  0.478  0.009
 452 19.461  0.006  0.503  0.009
 453 19.463  0.006  0.498  0.009
 454 19.468  0.007  0.466  0.009
 455 19.476  0.006  0.482  0.009
 456 19.480  0.007  0.443  0.010
 457 19.483  0.007  0.479  0.009
 458 19.483  0.007  0.498  0.010
 459 19.487  0.007  0.484  0.009
 460 19.490  0.006  0.479  0.009
 461 19.496  0.006  0.474  0.009
 462 19.500  0.007  0.461  0.009
 463 19.502  0.007  0.475  0.009
 464 19.502  0.007  0.492  0.009
 465 19.511  0.007  0.487  0.010
 466 19.512  0.006  0.490  0.009
 467 19.514  0.007  0.473  0.009
 468 19.516  0.007  0.463  0.010
 469 19.518  0.010  0.450  0.015
 470 19.520  0.006  0.478  0.009
 471 19.520  0.007  0.483  0.009
 472 19.525  0.007  0.502  0.009
 473 19.532  0.007  0.495  0.010
 474 19.537  0.007  0.475  0.010
 475 19.552  0.007  0.512  0.009
 476 19.556  0.007  0.498  0.010
 477 19.558  0.007  0.481  0.009
 478 19.558  0.012  0.701  0.017
 479 19.560  0.007  0.479  0.009
 480 19.562  0.007  0.478  0.009
 481 19.563  0.012  0.514  0.015
 482 19.567  0.007  0.493  0.010
 483 19.570  0.007  0.496  0.009
 484 19.571  0.007  0.494  0.010
 485 19.572  0.007  0.492  0.009
 486 19.581  0.007  0.499  0.010
 487 19.581  0.007  0.455  0.010
 488 19.582  0.007  0.509  0.009
 489 19.583  0.006  0.479  0.009
 490 19.586  0.010  0.482  0.016
 491 19.586  0.007  0.512  0.009
 492 19.588  0.007  0.461  0.010
 493 19.589  0.007  0.498  0.010
 494 19.589  0.007  0.521  0.010
 495 19.590  0.008  0.540  0.011
 496 19.593  0.007  0.495  0.010
 497 19.593  0.006  0.482  0.009
 498 19.594  0.007  0.484  0.010
 499 19.594  0.007  0.487  0.009
 500 19.595  0.007  0.499  0.009
 501 19.597  0.007  0.499  0.010
 502 19.599  0.007  0.500  0.010
 503 19.601  0.007  0.504  0.010
 504 19.602  0.007  0.513  0.009
 505 19.604  0.007  0.514  0.009
 506 19.606  0.007  0.503  0.009
 507 19.606  0.007  0.498  0.010
 508 19.609  0.006  0.631  0.009
 509 19.610  0.007  1.302  0.013
 510 19.611  0.007  0.468  0.010
 511 19.615  0.007  0.525  0.009
 512 19.615  0.007  0.498  0.010
 513 19.617  0.007  0.486  0.010
 514 19.623  0.007  0.499  0.010
 515 19.624  0.007  0.508  0.010
 516 19.627  0.007  0.504  0.009
 517 19.627  0.007  0.504  0.009
 518 19.631  0.009  0.511  0.012
 519 19.633  0.007  0.498  0.010
 520 19.635  0.007  0.486  0.010
 521 19.639  0.009  0.483  0.012
 522 19.640  0.007  0.504  0.010
 523 19.643  0.007  0.504  0.010
 524 19.645  0.007  0.438  0.009
 525 19.646  0.007  0.950  0.011
 526 19.647  0.007  0.495  0.010
 527 19.648  0.007  0.529  0.009
 528 19.648  0.007  0.505  0.009
 529 19.650  0.007  0.857  0.011
 530 19.652  0.007  0.498  0.009
 531 19.653  0.007  0.524  0.010
 532 19.654  0.007  0.487  0.010
 533 19.655  0.007  0.484  0.009
 534 19.659  0.007  0.508  0.010
 535 19.661  0.007  0.555  0.010
 536 19.662  0.007  0.485  0.009
 537 19.665  0.007  0.525  0.010
 538 19.670  0.007  0.528  0.010
 539 19.673  0.007  0.535  0.010
 540 19.675  0.007  0.517  0.009
 541 19.675  0.007  0.516  0.010
 542 19.675  0.008  0.479  0.011
 543 19.677  0.007  0.499  0.010
 544 19.682  0.007  0.528  0.010
 545 19.693  0.007  0.521  0.010
 546 19.694  0.007  0.524  0.010
 547 19.697  0.007  0.501  0.010
 548 19.704  0.007  0.501  0.010
 549 19.709  0.007  0.525  0.010
 550 19.709  0.007  0.524  0.010
 551 19.709  0.007  0.533  0.010
 552 19.710  0.008  0.503  0.010
 553 19.710  0.007  0.525  0.010
 554 19.715  0.008  0.514  0.011
 555 19.718  0.007  0.530  0.010
 556 19.722  0.007  0.519  0.011
 557 19.726  0.007  0.501  0.010
 558 19.733  0.013  0.415  0.023
 559 19.738  0.007  0.537  0.011
 560 19.744  0.007  0.514  0.011
 561 19.748  0.007  0.531  0.010
 562 19.749  0.007  0.519  0.010
 563 19.750  0.007  0.509  0.010
 564 19.753  0.008  0.527  0.011
 565 19.754  0.007  1.021  0.012
 566 19.757  0.007  0.518  0.010
 567 19.758  0.007  0.539  0.011
 568 19.759  0.009  1.579  0.020
 569 19.770  0.008  0.499  0.010
 570 19.771  0.007  0.516  0.010
 571 19.773  0.007  0.478  0.010
 572 19.775  0.007  0.516  0.010
 573 19.775  0.007  0.525  0.010
 574 19.776  0.007  0.514  0.010
 575 19.779  0.007  0.458  0.010
 576 19.779  0.007  0.535  0.010
 577 19.779  0.007  0.526  0.010
 578 19.790  0.007  0.496  0.011
 579 19.794  0.007  0.522  0.010
 580 19.800  0.008  0.472  0.011
 581 19.800  0.007  0.521  0.010
 582 19.803  0.008 -0.098  0.010
 583 19.810  0.007  0.546  0.011
 584 19.811  0.007  0.745  0.011
 585 19.813  0.007  0.499  0.011
 586 19.813  0.008  0.513  0.011
 587 19.813  0.007  0.518  0.011
 588 19.814  0.007  0.536  0.010
 589 19.817  0.007  0.528  0.010
 590 19.823  0.008  0.513  0.011
 591 19.824  0.007  0.526  0.011
 592 19.826  0.008  0.509  0.012
 593 19.828  0.007  0.550  0.010
 594 19.839  0.007  0.507  0.010
 595 19.842  0.007  0.538  0.011
 596 19.843  0.008  0.530  0.011
 597 19.844  0.007  0.510  0.011
 598 19.846  0.007  0.492  0.010
 599 19.847  0.008  0.487  0.011
 600 19.853  0.008  0.514  0.011
 601 19.854  0.009  0.487  0.013
 602 19.858  0.008  0.552  0.011
 603 19.858  0.008  0.510  0.011
 604 19.862  0.012  0.555  0.015
 605 19.863  0.008  0.525  0.011
 606 19.864  0.007  0.502  0.010
 607 19.868  0.010  0.553  0.013
 608 19.870  0.008  0.546  0.012
 609 19.870  0.008  0.537  0.011
 610 19.871  0.008  0.514  0.012
 611 19.871  0.008  0.514  0.011
 612 19.873  0.008  0.507  0.011
 613 19.874  0.008  0.519  0.011
 614 19.878  0.008  1.656  0.017
 615 19.880  0.008  0.512  0.011
 616 19.885  0.008  0.514  0.011
 617 19.889  0.008  0.590  0.012
 618 19.896  0.009  0.571  0.012
 619 19.897  0.009  0.513  0.013
 620 19.897  0.008  0.542  0.011
 621 19.898  0.008  0.545  0.011
 622 19.899  0.008  0.496  0.012
 623 19.900  0.008  0.487  0.011
 624 19.900  0.008  0.552  0.012
 625 19.901  0.008  0.531  0.012
 626 19.904  0.008  0.564  0.012
 627 19.904  0.008  0.548  0.011
 628 19.907  0.012  1.423  0.025
 629 19.908  0.008  0.525  0.012
 630 19.909  0.008  0.522  0.011
 631 19.910  0.008  0.517  0.011
 632 19.912  0.008  0.507  0.011
 633 19.913  0.008  0.530  0.012
 634 19.914  0.008  0.524  0.011
 635 19.915  0.008  0.538  0.011
 636 19.917  0.008  0.536  0.012
 637 19.920  0.007  0.516  0.011
 638 19.920  0.008  0.531  0.012
 639 19.923  0.008  0.539  0.011
 640 19.929  0.008  0.547  0.011
 641 19.929  0.008  0.489  0.012
 642 19.930  0.008  0.525  0.012
 643 19.930  0.008  0.553  0.011
 644 19.930  0.010  0.634  0.014
 645 19.931  0.008  0.608  0.013
 646 19.934  0.008  0.536  0.012
 647 19.937  0.008  0.552  0.012
 648 19.940  0.008  0.499  0.012
 649 19.940  0.008  0.524  0.011
 650 19.946  0.008  0.557  0.011
 651 19.951  0.008  0.579  0.011
 652 19.951  0.008  0.544  0.011
 653 19.953  0.008  0.564  0.012
 654 19.955  0.007  0.553  0.011
 655 19.957  0.008  0.524  0.011
 656 19.958  0.008  0.539  0.012
 657 19.961  0.009  0.537  0.014
 658 19.962  0.008  0.504  0.012
 659 19.966  0.008  0.559  0.011
 660 19.968  0.008  0.537  0.012
 661 19.968  0.008  0.528  0.012
 662 19.976  0.008  0.531  0.013
 663 19.983  0.009  0.491  0.013
 664 19.984  0.008  0.542  0.012
 665 19.984  0.008  0.576  0.012
 666 19.997  0.011  0.700  0.016
 667 19.997  0.008  0.513  0.012
 668 19.998  0.008  0.569  0.012
 669 20.004  0.008  0.542  0.012
 670 20.008  0.008  0.600  0.012
 671 20.008  0.008  0.533  0.012
 672 20.009  0.009  0.542  0.012
 673 20.011  0.008  0.557  0.012
 674 20.011  0.009  0.596  0.013
 675 20.014  0.011  0.526  0.014
 676 20.015  0.010  0.507  0.014
 677 20.018  0.008  0.544  0.012
 678 20.021  0.008  1.499  0.020
 679 20.022  0.009  0.516  0.012
 680 20.022  0.008  0.538  0.012
 681 20.024  0.008  0.559  0.011
 682 20.024  0.008  0.547  0.011
 683 20.024  0.009  0.557  0.012
 684 20.024  0.008  0.579  0.012
 685 20.026  0.009  0.570  0.013
 686 20.027  0.013  1.472  0.021
 687 20.029  0.009  0.550  0.012
 688 20.033  0.009  0.556  0.013
 689 20.035  0.009  0.563  0.014
 690 20.037  0.008  0.568  0.013
 691 20.038  0.008  0.555  0.012
 692 20.039  0.008  0.579  0.012
 693 20.040  0.009  0.563  0.012
 694 20.040  0.009  0.516  0.012
 695 20.040  0.008  0.556  0.012
 696 20.042  0.008  0.542  0.012
 697 20.045  0.010  0.595  0.014
 698 20.045  0.009  0.576  0.013
 699 20.046  0.009  0.524  0.014
 700 20.049  0.008  0.557  0.012
 701 20.050  0.009  0.552  0.013
 702 20.053  0.008  0.552  0.012
 703 20.056  0.009  0.550  0.013
 704 20.061  0.008  0.551  0.012
 705 20.062  0.009  1.477  0.021
 706 20.067  0.008  0.702  0.013
 707 20.070  0.009  0.595  0.013
 708 20.071  0.009  0.560  0.013
 709 20.075  0.009  0.552  0.012
 710 20.076  0.009  0.539  0.012
 711 20.076  0.008  0.553  0.012
 712 20.080  0.009  0.555  0.013
 713 20.082  0.009  0.504  0.012
 714 20.084  0.008  0.542  0.012
 715 20.087  0.009  0.537  0.012
 716 20.087  0.009  0.538  0.013
 717 20.090  0.009  1.541  0.026
 718 20.092  0.009  0.563  0.012
 719 20.096  0.009  0.548  0.013
 720 20.097  0.009  0.560  0.013
 721 20.099  0.010  0.550  0.014
 722 20.099  0.010  1.344  0.019
 723 20.100  0.009  0.605  0.013
 724 20.100  0.009  0.535  0.013
 725 20.100  0.014  1.533  0.027
 726 20.104  0.008  0.578  0.012
 727 20.105  0.009  0.707  0.014
 728 20.106  0.009  0.591  0.012
 729 20.107  0.015  0.594  0.019
 730 20.107  0.016  0.534  0.022
 731 20.108  0.023  0.672  0.028
 732 20.109  0.009  0.570  0.013
 733 20.110  0.009  0.563  0.013
 734 20.110  0.009  0.560  0.013
 735 20.110  0.009  0.555  0.013
 736 20.111  0.009  0.535  0.012
 737 20.114  0.009  0.579  0.013
 738 20.115  0.009  0.533  0.013
 739 20.116  0.009  0.568  0.013
 740 20.116  0.009  0.556  0.013
 741 20.117  0.009  0.571  0.013
 742 20.118  0.009  0.539  0.012
 743 20.119  0.010  0.564  0.014
 744 20.119  0.009  0.570  0.013
 745 20.120  0.010  0.542  0.014
 746 20.124  0.009  0.566  0.013
 747 20.125  0.009  0.574  0.012
 748 20.135  0.009  0.604  0.013
 749 20.136  0.010  0.568  0.014
 750 20.136  0.009  0.594  0.013
 751 20.139  0.009  0.639  0.013
 752 20.144  0.009  0.552  0.013
 753 20.148  0.009  0.573  0.013
 754 20.149  0.009  0.595  0.013
 755 20.151  0.009  1.547  0.020
 756 20.152  0.009  0.551  0.013
 757 20.153  0.009  0.603  0.013
 758 20.153  0.009  0.646  0.014
 759 20.155  0.013  0.543  0.019
 760 20.155  0.009  0.596  0.014
 761 20.156  0.009  0.553  0.013
 762 20.158  0.009  0.548  0.013
 763 20.158  0.009  0.576  0.013
 764 20.162  0.009  0.545  0.014
 765 20.163  0.010  0.562  0.014
 766 20.167  0.009  0.542  0.013
 767 20.169  0.009  0.570  0.013
 768 20.170  0.009  0.574  0.013
 769 20.171  0.009  0.568  0.017
 770 20.174  0.011  0.543  0.014
 771 20.174  0.010  0.559  0.014
 772 20.176  0.009  0.831  0.014
 773 20.177  0.009  0.606  0.013
 774 20.180  0.009  0.605  0.013
 775 20.180  0.010  0.608  0.015
 776 20.181  0.010  0.588  0.014
 777 20.182  0.009  0.568  0.013
 778 20.183  0.009  0.589  0.013
 779 20.185  0.009  0.572  0.013
 780 20.188  0.009  0.547  0.014
 781 20.189  0.009  0.557  0.013
 782 20.190  0.009  0.589  0.014
 783 20.192  0.009  0.607  0.014
 784 20.196  0.013  0.594  0.019
 785 20.197  0.009  0.557  0.014
 786 20.198  0.009  0.583  0.014
 787 20.198  0.022  0.922  0.027
 788 20.200  0.014  1.328  0.021
 789 20.201  0.010  0.613  0.015
 790 20.202  0.013  0.580  0.018
 791 20.203  0.010  0.542  0.013
 792 20.203  0.010  0.583  0.014
 793 20.205  0.012  0.635  0.016
 794 20.207  0.010  0.579  0.014
 795 20.213  0.009  0.565  0.013
 796 20.213  0.009  0.600  0.014
 797 20.215  0.009  0.596  0.013
 798 20.216  0.009  0.562  0.013
 799 20.216  0.010  0.578  0.014
 800 20.216  0.009  0.526  0.013
 801 20.219  0.012  0.594  0.017
 802 20.220  0.010  0.599  0.014
 803 20.222  0.009  0.726  0.014
 804 20.222  0.009  0.599  0.014
 805 20.224  0.009  0.564  0.014
 806 20.226  0.009  0.626  0.014
 807 20.227  0.009  0.586  0.014
 808 20.233  0.009  0.559  0.013
 809 20.236  0.010  0.565  0.013
 810 20.237  0.009  0.598  0.013
 811 20.247  0.011  0.580  0.015
 812 20.247  0.010  0.489  0.014
 813 20.249  0.010  0.603  0.014
 814 20.249  0.010  0.600  0.014
 815 20.249  0.009  0.378  0.012
 816 20.251  0.009  0.583  0.015
 817 20.251  0.009  0.571  0.014
 818 20.252  0.011  0.580  0.015
 819 20.254  0.010  0.624  0.014
 820 20.256  0.010  0.663  0.014
 821 20.262  0.010  0.580  0.014
 822 20.262  0.009  0.577  0.014
 823 20.262  0.009  0.570  0.013
 824 20.263  0.009  0.611  0.014
 825 20.264  0.009  0.559  0.013
 826 20.268  0.009  0.597  0.013
 827 20.271  0.010  0.591  0.015
 828 20.273  0.011  1.500  0.022
 829 20.277  0.011  0.612  0.016
 830 20.277  0.011  0.738  0.016
 831 20.281  0.010  0.623  0.014
 832 20.282  0.010  0.556  0.014
 833 20.286  0.010  0.616  0.016
 834 20.287  0.010  0.602  0.015
 835 20.287  0.009  0.597  0.014
 836 20.288  0.010  0.632  0.015
 837 20.288  0.010  0.583  0.015
 838 20.289  0.010  0.609  0.014
 839 20.293  0.010  0.717  0.015
 840 20.294  0.010  0.585  0.014
 841 20.295  0.010  0.571  0.014
 842 20.297  0.010  0.586  0.015
 843 20.299  0.010  0.591  0.015
 844 20.300  0.009  0.652  0.014
 845 20.300  0.009  0.599  0.015
 846 20.300  0.011  0.613  0.014
 847 20.300  0.021  0.673  0.026
 848 20.301  0.009  0.572  0.015
 849 20.301  0.010  0.587  0.014
 850 20.308  0.010  0.603  0.015
 851 20.311  0.009  0.599  0.014
 852 20.315  0.010  0.599  0.015
 853 20.315  0.009  0.623  0.014
 854 20.316  0.011  0.617  0.016
 855 20.316  0.010  0.624  0.015
 856 20.317  0.010  0.612  0.015
 857 20.319  0.011  1.533  0.023
 858 20.320  0.011  0.591  0.017
 859 20.321  0.010  0.597  0.015
 860 20.321  0.010  0.555  0.015
 861 20.323  0.010  0.588  0.015
 862 20.327  0.010  1.620  0.023
 863 20.329  0.009  0.589  0.014
 864 20.329  0.011  0.587  0.015
 865 20.332  0.011  0.611  0.020
 866 20.332  0.010  0.616  0.015
 867 20.334  0.010  0.578  0.015
 868 20.334  0.009  0.579  0.014
 869 20.334  0.011  0.594  0.016
 870 20.337  0.010  0.640  0.014
 871 20.337  0.010  0.568  0.015
 872 20.337  0.010  0.597  0.015
 873 20.341  0.010  0.627  0.015
 874 20.341  0.010  0.594  0.015
 875 20.342  0.010  0.608  0.015
 876 20.343  0.010  0.613  0.015
 877 20.344  0.010  1.515  0.023
 878 20.346  0.010  0.578  0.014
 879 20.347  0.010  0.637  0.015
 880 20.347  0.012  0.615  0.017
 881 20.347  0.011  0.616  0.015
 882 20.349  0.010  0.612  0.015
 883 20.349  0.011  0.710  0.017
 884 20.350  0.010  0.579  0.015
 885 20.352  0.013  0.634  0.017
 886 20.353  0.011  0.622  0.016
 887 20.353  0.011  0.600  0.016
 888 20.355  0.010  1.182  0.020
 889 20.355  0.011  0.596  0.016
 890 20.355  0.011  0.630  0.015
 891 20.356  0.010  0.607  0.015
 892 20.359  0.010  0.648  0.014
 893 20.360  0.010  0.625  0.015
 894 20.360  0.010  0.694  0.016
 895 20.360  0.013  0.692  0.019
 896 20.361  0.011  0.590  0.016
 897 20.361  0.010  0.607  0.015
 898 20.364  0.010  0.591  0.015
 899 20.365  0.010  0.626  0.015
 900 20.370  0.010  0.600  0.015
 901 20.372  0.011  0.559  0.015
 902 20.375  0.010  0.658  0.016
 903 20.375  0.011  0.605  0.015
 904 20.377  0.011  0.745  0.017
 905 20.377  0.011  0.613  0.015
 906 20.379  0.011  0.596  0.017
 907 20.380  0.011  0.589  0.015
 908 20.382  0.013  0.581  0.018
 909 20.384  0.011  0.609  0.015
 910 20.386  0.011  0.634  0.016
 911 20.386  0.011  0.632  0.016
 912 20.387  0.010  0.630  0.015
 913 20.387  0.011  0.625  0.016
 914 20.388  0.011  0.580  0.015
 915 20.389  0.014  0.674  0.021
 916 20.390  0.011  0.647  0.020
 917 20.391  0.011  0.586  0.016
 918 20.391  0.011  0.587  0.015
 919 20.392  0.010  0.570  0.015
 920 20.394  0.011  0.630  0.016
 921 20.395  0.010  0.623  0.015
 922 20.400  0.011  0.622  0.016
 923 20.400  0.011  0.635  0.016
 924 20.405  0.010  0.602  0.016
 925 20.405  0.011  0.641  0.016
 926 20.409  0.011  0.651  0.018
 927 20.409  0.015  0.970  0.024
 928 20.414  0.011  0.655  0.016
 929 20.416  0.010  0.594  0.016
 930 20.419  0.011  0.612  0.016
 931 20.420  0.011  0.602  0.016
 932 20.420  0.010  0.603  0.015
 933 20.423  0.010  0.621  0.015
 934 20.423  0.011  0.660  0.015
 935 20.426  0.011  0.642  0.016
 936 20.429  0.011  0.618  0.016
 937 20.429  0.011  0.667  0.016
 938 20.429  0.011  0.638  0.016
 939 20.432  0.011  0.638  0.016
 940 20.433  0.012  0.588  0.016
 941 20.435  0.010  0.649  0.016
 942 20.436  0.011  0.615  0.016
 943 20.438  0.011  0.587  0.017
 944 20.441  0.011  0.631  0.016
 945 20.444  0.015  0.647  0.021
 946 20.445  0.011  0.633  0.016
 947 20.446  0.011  0.574  0.015
 948 20.448  0.011  0.592  0.016
 949 20.448  0.011  1.604  0.027
 950 20.451  0.011  0.562  0.015
 951 20.453  0.012  1.440  0.026
 952 20.458  0.012  0.625  0.016
 953 20.460  0.012  0.648  0.018
 954 20.462  0.011  0.686  0.017
 955 20.466  0.011  0.656  0.016
 956 20.469  0.011  0.616  0.016
 957 20.470  0.011  0.606  0.016
 958 20.471  0.016  1.352  0.028
 959 20.473  0.011  0.657  0.016
 960 20.473  0.012  0.613  0.018
 961 20.474  0.012  0.674  0.018
 962 20.478  0.011  0.649  0.017
 963 20.480  0.012  0.616  0.021
 964 20.483  0.011  0.613  0.017
 965 20.484  0.011  0.653  0.016
 966 20.484  0.011  0.670  0.017
 967 20.485  0.010  0.580  0.016
 968 20.486  0.011  0.625  0.016
 969 20.487  0.012  0.602  0.018
 970 20.487  0.010  0.657  0.015
 971 20.489  0.010  0.637  0.016
 972 20.491  0.011  0.651  0.017
 973 20.492  0.011  0.616  0.017
 974 20.494  0.010  0.651  0.015
 975 20.497  0.012  0.674  0.018
 976 20.499  0.012  0.641  0.018
 977 20.501  0.011  0.623  0.016
 978 20.502  0.011  0.606  0.017
 979 20.503  0.013  0.598  0.018
 980 20.504  0.011  0.627  0.017
 981 20.508  0.012  1.551  0.028
 982 20.508  0.016  0.547  0.025
 983 20.513  0.012  0.609  0.018
 984 20.514  0.011  0.525  0.016
 985 20.514  0.012  1.527  0.025
 986 20.514  0.012  0.641  0.018
 987 20.515  0.011  0.634  0.015
 988 20.516  0.011  0.672  0.016
 989 20.519  0.012  0.663  0.018
 990 20.519  0.012  0.642  0.017
 991 20.522  0.011  0.606  0.016
 992 20.524  0.011  0.608  0.017
 993 20.528  0.012  0.598  0.018
 994 20.529  0.010  0.649  0.016
 995 20.529  0.012  0.613  0.019
 996 20.530  0.011  0.703  0.018
 997 20.531  0.015  0.649  0.021
 998 20.532  0.012  0.603  0.017
 999 20.533  0.011  0.617  0.016
1000 20.534  0.010  0.675  0.017
1001 20.534  0.011  1.434  0.026
1002 20.538  0.016  0.533  0.022
1003 20.540  0.011  0.611  0.017
1004 20.541  0.012  0.457  0.021
1005 20.543  0.019  0.638  0.026
1006 20.545  0.012  0.682  0.017
1007 20.545  0.011  0.629  0.018
1008 20.547  0.011  0.653  0.016
1009 20.547  0.012  0.668  0.018
1010 20.547  0.012  0.640  0.017
1011 20.550  0.019  0.843  0.026
1012 20.550  0.013  0.693  0.017
1013 20.553  0.014  0.670  0.019
1014 20.554  0.012  0.614  0.017
1015 20.555  0.011  1.656  0.032
1016 20.555  0.012  0.649  0.018
1017 20.559  0.012  0.686  0.020
1018 20.560  0.011  0.742  0.018
1019 20.561  0.013  0.655  0.018
1020 20.563  0.012  0.618  0.017
1021 20.563  0.012  0.617  0.017
1022 20.564  0.012  0.587  0.018
1023 20.564  0.013  0.711  0.019
1024 20.566  0.012  0.656  0.018
1025 20.569  0.012  0.660  0.018
1026 20.571  0.013  0.617  0.018
1027 20.572  0.012  0.658  0.021
1028 20.573  0.013  0.639  0.018
1029 20.574  0.013  0.635  0.018
1030 20.576  0.013  0.644  0.019
1031 20.579  0.015  0.720  0.023
1032 20.582  0.012  0.657  0.018
1033 20.582  0.012  0.637  0.018
1034 20.583  0.013  0.625  0.020
1035 20.585  0.012  0.617  0.018
1036 20.585  0.012  0.613  0.017
1037 20.592  0.011  0.649  0.017
1038 20.593  0.012  0.674  0.018
1039 20.594  0.012  0.626  0.019
1040 20.595  0.014  0.725  0.022
1041 20.600  0.013  0.623  0.019
1042 20.602  0.012  0.546  0.018
1043 20.602  0.012  0.648  0.017
1044 20.602  0.013  0.603  0.019
1045 20.606  0.013  0.698  0.022
1046 20.607  0.012  0.689  0.019
1047 20.607  0.012  0.655  0.018
1048 20.609  0.013  0.643  0.020
1049 20.609  0.012  0.555  0.018
1050 20.610  0.016  0.830  0.022
1051 20.610  0.012  0.643  0.018
1052 20.613  0.020  0.726  0.028
1053 20.615  0.011  0.621  0.017
1054 20.617  0.012  0.696  0.020
1055 20.617  0.013  0.633  0.020
1056 20.617  0.015  0.790  0.022
1057 20.619  0.015  0.715  0.021
1058 20.620  0.012  0.658  0.019
1059 20.620  0.013  0.675  0.021
1060 20.620  0.012  0.672  0.019
1061 20.623  0.013  0.644  0.019
1062 20.624  0.012  1.632  0.037
1063 20.625  0.012  0.738  0.020
1064 20.627  0.013  0.656  0.020
1065 20.627  0.017  0.838  0.026
1066 20.628  0.013  0.646  0.019
1067 20.630  0.012  0.731  0.017
1068 20.632  0.012  0.674  0.019
1069 20.636  0.013  0.748  0.019
1070 20.637  0.012  0.627  0.017
1071 20.637  0.013  0.686  0.019
1072 20.639  0.013  0.659  0.020
1073 20.641  0.013  0.683  0.020
1074 20.641  0.013  0.608  0.019
1075 20.641  0.012  0.674  0.018
1076 20.641  0.012  0.672  0.019
1077 20.642  0.012  1.481  0.026
1078 20.647  0.012  0.683  0.020
1079 20.648  0.013  0.715  0.020
1080 20.649  0.013  0.634  0.019
1081 20.650  0.012  0.782  0.021
1082 20.651  0.014  0.604  0.020
1083 20.652  0.012  0.663  0.018
1084 20.652  0.013  0.663  0.020
1085 20.652  0.012  0.666  0.019
1086 20.653  0.012  0.648  0.018
1087 20.653  0.012  0.675  0.019
1088 20.654  0.014  1.682  0.044
1089 20.654  0.012  0.604  0.019
1090 20.655  0.013  0.704  0.020
1091 20.656  0.012  0.658  0.019
1092 20.660  0.013  0.683  0.020
1093 20.661  0.013  0.657  0.019
1094 20.664  0.013  0.576  0.019
1095 20.665  0.013  0.660  0.019
1096 20.671  0.014  0.698  0.021
1097 20.675  0.012  1.335  0.024
1098 20.677  0.012  0.633  0.018
1099 20.678  0.014  0.686  0.020
1100 20.682  0.017  0.643  0.025
1101 20.688  0.013  0.698  0.021
1102 20.689  0.013  0.698  0.019
1103 20.689  0.013  0.666  0.021
1104 20.691  0.014  0.700  0.020
1105 20.691  0.013  0.756  0.020
1106 20.691  0.013  0.622  0.020
1107 20.694  0.013  0.674  0.019
1108 20.695  0.013  0.696  0.019
1109 20.695  0.013  0.609  0.019
1110 20.695  0.014  0.660  0.020
1111 20.696  0.013  0.663  0.019
1112 20.696  0.013  0.771  0.022
1113 20.700  0.015  0.698  0.021
1114 20.702  0.014  0.684  0.022
1115 20.706  0.013  0.616  0.019
1116 20.707  0.013  0.674  0.019
1117 20.707  0.013  0.698  0.020
1118 20.708  0.013  0.665  0.021
1119 20.709  0.013  0.310  0.018
1120 20.710  0.013  0.675  0.018
1121 20.712  0.013  0.685  0.021
1122 20.712  0.013  0.661  0.019
1123 20.712  0.013  0.677  0.020
1124 20.712  0.013  0.679  0.019
1125 20.720  0.013  0.693  0.021
1126 20.722  0.014  0.664  0.022
1127 20.726  0.014  0.702  0.022
1128 20.726  0.014  0.625  0.023
1129 20.727  0.013  0.698  0.020
1130 20.727  0.014  0.722  0.022
1131 20.729  0.012  0.666  0.019
1132 20.730  0.014  1.510  0.028
1133 20.736  0.013  0.646  0.020
1134 20.736  0.014  0.721  0.021
1135 20.739  0.013  0.713  0.020
1136 20.739  0.014  0.670  0.021
1137 20.740  0.019  0.751  0.026
1138 20.744  0.014  0.677  0.023
1139 20.745  0.014  0.685  0.022
1140 20.746  0.012  0.649  0.022
1141 20.747  0.013  0.709  0.021
1142 20.747  0.016  0.730  0.027
1143 20.747  0.014  0.765  0.022
1144 20.749  0.014  0.873  0.023
1145 20.756  0.018  1.501  0.037
1146 20.758  0.014  0.703  0.020
1147 20.760  0.012  0.761  0.019
1148 20.761  0.022  0.598  0.042
1149 20.761  0.014  0.651  0.020
1150 20.762  0.013  1.304  0.026
1151 20.765  0.013  0.705  0.021
1152 20.766  0.018  1.181  0.029
1153 20.767  0.014  0.711  0.021
1154 20.771  0.014  0.672  0.021
1155 20.772  0.013  0.642  0.020
1156 20.773  0.014  0.747  0.022
1157 20.774  0.013  0.700  0.020
1158 20.776  0.014  0.690  0.022
1159 20.778  0.013  0.694  0.020
1160 20.780  0.014  0.690  0.021
1161 20.783  0.015  0.674  0.021
1162 20.784  0.013  0.695  0.020
1163 20.788  0.016  0.677  0.023
1164 20.789  0.014  0.708  0.021
1165 20.791  0.014  0.651  0.021
1166 20.793  0.013  0.692  0.020
1167 20.795  0.014  0.739  0.021
1168 20.796  0.013  0.673  0.021
1169 20.797  0.014  0.648  0.023
1170 20.799  0.014  1.546  0.038
1171 20.800  0.014  0.711  0.021
1172 20.803  0.015  0.674  0.023
1173 20.803  0.014  0.699  0.022
1174 20.804  0.015  0.658  0.022
1175 20.804  0.013  0.709  0.020
1176 20.805  0.014  0.616  0.022
1177 20.808  0.014  0.687  0.023
1178 20.808  0.014  0.665  0.021
1179 20.809  0.014  0.782  0.023
1180 20.810  0.016  0.737  0.023
1181 20.811  0.015  0.929  0.025
1182 20.812  0.014  0.655  0.022
1183 20.812  0.013  0.665  0.022
1184 20.814  0.015  0.640  0.023
1185 20.815  0.014  0.698  0.024
1186 20.815  0.015  0.561  0.023
1187 20.816  0.015  0.643  0.023
1188 20.816  0.015  0.659  0.023
1189 20.818  0.014  0.708  0.022
1190 20.819  0.013  0.663  0.022
1191 20.819  0.015  0.689  0.022
1192 20.821  0.016  0.695  0.024
1193 20.824  0.014  0.720  0.022
1194 20.825  0.015  0.753  0.022
1195 20.826  0.014  0.708  0.029
1196 20.829  0.015  0.689  0.022
1197 20.830  0.015  0.716  0.024
1198 20.832  0.016  0.613  0.024
1199 20.833  0.014  0.734  0.022
1200 20.834  0.020  1.064  0.039
1201 20.836  0.016  0.683  0.025
1202 20.839  0.014  0.709  0.023
1203 20.839  0.014  0.548  0.022
1204 20.840  0.014  0.674  0.021
1205 20.840  0.016  0.707  0.023
1206 20.842  0.015  0.857  0.027
1207 20.843  0.014  0.633  0.022
1208 20.845  0.016  0.701  0.024
1209 20.846  0.014  0.704  0.022
1210 20.846  0.015  0.850  0.025
1211 20.846  0.014  0.743  0.023
1212 20.847  0.016  0.638  0.024
1213 20.848  0.026  0.814  0.034
1214 20.849  0.015  0.751  0.022
1215 20.850  0.015  0.702  0.026
1216 20.851  0.014  0.710  0.022
1217 20.852  0.015  0.777  0.023
1218 20.852  0.015  0.687  0.023
1219 20.852  0.016  0.617  0.023
1220 20.853  0.015  0.649  0.022
1221 20.853  0.014  0.665  0.023
1222 20.856  0.015  0.776  0.027
1223 20.863  0.015  0.700  0.021
1224 20.863  0.016  0.677  0.024
1225 20.863  0.014  0.750  0.022
1226 20.865  0.014  0.765  0.023
1227 20.870  0.016  0.731  0.024
1228 20.870  0.015  0.674  0.023
1229 20.870  0.015  0.703  0.024
1230 20.871  0.014  0.474  0.021
1231 20.872  0.017  1.547  0.043
1232 20.874  0.015  0.580  0.023
1233 20.875  0.014  0.663  0.022
1234 20.876  0.014  0.652  0.022
1235 20.882  0.015  0.650  0.024
1236 20.883  0.017  0.631  0.026
1237 20.886  0.014  1.458  0.033
1238 20.890  0.016  0.701  0.024
1239 20.890  0.016  0.770  0.027
1240 20.893  0.016  0.748  0.026
1241 20.895  0.017  0.639  0.026
1242 20.895  0.016  0.699  0.029
1243 20.897  0.016  0.673  0.024
1244 20.898  0.015  0.752  0.029
1245 20.900  0.014  0.757  0.023
1246 20.901  0.016  0.712  0.024
1247 20.901  0.017  0.677  0.025
1248 20.902  0.015  0.686  0.023
1249 20.902  0.017  0.729  0.025
1250 20.902  0.015  0.468  0.020
1251 20.902  0.017  0.715  0.029
1252 20.903  0.015  0.878  0.024
1253 20.904  0.016  0.682  0.026
1254 20.905  0.015  0.768  0.031
1255 20.905  0.015  0.722  0.024
1256 20.907  0.015  0.708  0.023
1257 20.907  0.015  0.712  0.024
1258 20.907  0.016  0.726  0.025
1259 20.911  0.015  0.715  0.024
1260 20.913  0.016  0.699  0.025
1261 20.913  0.015  0.715  0.026
1262 20.917  0.015  0.736  0.021
1263 20.917  0.013  0.761  0.022
1264 20.917  0.022  0.814  0.033
1265 20.919  0.016  0.747  0.025
1266 20.924  0.017  0.737  0.025
1267 20.926  0.016  0.715  0.024
1268 20.927  0.016  0.695  0.026
1269 20.927  0.015  0.720  0.024
1270 20.928  0.015  0.763  0.024
1271 20.929  0.015  0.702  0.023
1272 20.929  0.014  0.712  0.023
1273 20.932  0.014  0.707  0.023
1274 20.938  0.018  0.704  0.027
1275 20.942  0.015  0.735  0.026
1276 20.943  0.018  1.585  0.042
1277 20.943  0.015  0.639  0.024
1278 20.944  0.015  0.763  0.025
1279 20.944  0.016  0.773  0.025
1280 20.945  0.015  0.777  0.022
1281 20.952  0.016  0.687  0.025
1282 20.953  0.015  0.707  0.024
1283 20.953  0.018  0.724  0.028
1284 20.954  0.014  0.745  0.022
1285 20.955  0.015  0.756  0.024
1286 20.956  0.015  0.659  0.025
1287 20.958  0.017  0.762  0.026
1288 20.960  0.015  0.757  0.024
1289 20.961  0.018  0.821  0.027
1290 20.962  0.016  0.764  0.026
1291 20.964  0.016  0.684  0.025
1292 20.966  0.015  0.700  0.024
1293 20.967  0.016  0.721  0.025
1294 20.969  0.018  0.725  0.031
1295 20.969  0.016  0.729  0.025
1296 20.977  0.016  0.770  0.026
1297 20.980  0.016  0.702  0.024
1298 20.982  0.017  0.708  0.027
1299 20.982  0.017  0.709  0.026
1300 20.983  0.014  0.772  0.023
1301 20.984  0.016  0.812  0.025
1302 20.985  0.017  0.698  0.027
1303 20.985  0.016  0.683  0.025
1304 20.986  0.015  0.666  0.022
1305 20.986  0.015  0.735  0.026
1306 20.987  0.016  0.719  0.026
1307 20.987  0.025  1.084  0.047
1308 20.990  0.017  0.774  0.026
1309 20.992  0.016  0.790  0.026
1310 20.993  0.015  0.693  0.024
1311 20.995  0.018  0.739  0.026
1312 20.996  0.017  0.734  0.031
1313 20.997  0.016  0.764  0.024
1314 20.997  0.023  0.787  0.036
1315 20.998  0.024  0.816  0.036
1316 20.998  0.016  0.736  0.026
1317 21.000  0.015  0.730  0.024
1318 21.003  0.016  0.798  0.028
1319 21.005  0.017  0.740  0.026
1320 21.010  0.016  0.728  0.027
1321 21.014  0.017  0.728  0.025
1322 21.016  0.029  0.707  0.042
1323 21.017  0.017  0.730  0.026
1324 21.017  0.031  0.754  0.040
1325 21.018  0.018  0.727  0.027
1326 21.021  0.019  0.724  0.029
1327 21.022  0.017  0.673  0.027
1328 21.027  0.019  0.777  0.029
1329 21.027  0.022  0.776  0.030
1330 21.027  0.017  0.728  0.027
1331 21.028  0.019  0.828  0.032
1332 21.029  0.017  0.730  0.026
1333 21.035  0.016  0.699  0.031
1334 21.036  0.016  0.681  0.024
1335 21.038  0.017  0.722  0.026
1336 21.039  0.018  0.740  0.026
1337 21.042  0.017  0.761  0.026
1338 21.045  0.021  0.728  0.032
1339 21.045  0.017  0.684  0.025
1340 21.047  0.017  0.753  0.026
1341 21.047  0.019  0.672  0.027
1342 21.049  0.017  0.735  0.028
1343 21.051  0.019  0.779  0.033
1344 21.051  0.019  0.848  0.037
1345 21.055  0.017  0.602  0.025
1346 21.056  0.019  0.766  0.030
1347 21.057  0.018  0.790  0.025
1348 21.061  0.016  0.787  0.025
1349 21.063  0.017  0.792  0.028
1350 21.065  0.017  0.779  0.031
1351 21.065  0.031  1.285  0.057
1352 21.066  0.016  0.755  0.029
1353 21.068  0.019  0.707  0.029
1354 21.069  0.018  0.774  0.029
1355 21.070  0.017  0.789  0.032
1356 21.071  0.017  0.652  0.025
1357 21.072  0.017  0.733  0.027
1358 21.073  0.018  0.730  0.029
1359 21.074  0.018  0.724  0.027
1360 21.075  0.017  0.795  0.026
1361 21.075  0.021  0.698  0.035
1362 21.076  0.020  0.876  0.029
1363 21.076  0.017  0.835  0.028
1364 21.078  0.019  0.838  0.030
1365 21.081  0.019  0.759  0.031
1366 21.082  0.019  0.721  0.029
1367 21.083  0.018  0.771  0.032
1368 21.085  0.019  1.510  0.046
1369 21.085  0.019  0.791  0.029
1370 21.089  0.030  0.669  0.041
1371 21.090  0.016  0.753  0.026
1372 21.093  0.019  0.806  0.033
1373 21.096  0.023  0.859  0.033
1374 21.101  0.019  0.721  0.035
1375 21.106  0.016  0.664  0.027
1376 21.107  0.017  0.722  0.029
1377 21.107  0.019  0.719  0.035
1378 21.107  0.023  0.740  0.031
1379 21.107  0.018  0.791  0.029
1380 21.109  0.019  0.759  0.030
1381 21.110  0.019  0.747  0.028
1382 21.110  0.017  0.797  0.030
1383 21.112  0.018  0.711  0.029
1384 21.112  0.018  0.713  0.031
1385 21.113  0.021  0.799  0.034
1386 21.115  0.019  0.846  0.031
1387 21.116  0.018  0.770  0.030
1388 21.116  0.018  0.777  0.031
1389 21.118  0.018  0.691  0.029
1390 21.119  0.019  1.281  0.039
1391 21.119  0.022  0.748  0.032
1392 21.120  0.017  1.031  0.038
1393 21.122  0.020  1.234  0.052
1394 21.126  0.017  0.786  0.030
1395 21.130  0.021  0.820  0.031
1396 21.130  0.018  0.760  0.030
1397 21.134  0.017  0.785  0.028
1398 21.135  0.020  0.794  0.031
1399 21.135  0.018  0.756  0.031
1400 21.135  0.019  0.733  0.032
1401 21.139  0.022  0.788  0.041
1402 21.139  0.018  0.766  0.029
1403 21.143  0.018  0.737  0.028
1404 21.144  0.034  0.822  0.043
1405 21.145  0.021  0.846  0.032
1406 21.146  0.018 -0.065  0.021
1407 21.146  0.020  0.777  0.035
1408 21.148  0.018  0.772  0.029
1409 21.150  0.019  0.701  0.028
1410 21.154  0.018  0.808  0.034
1411 21.154  0.022  0.813  0.043
1412 21.154  0.018  0.761  0.027
1413 21.160  0.021  0.783  0.031
1414 21.160  0.019  0.681  0.029
1415 21.160  0.018  0.772  0.027
1416 21.162  0.017  0.751  0.028
1417 21.163  0.019  0.824  0.034
1418 21.164  0.019  0.798  0.035
1419 21.165  0.019  0.752  0.032
1420 21.169  0.018  0.785  0.034
1421 21.169  0.019  0.740  0.030
1422 21.170  0.018  0.794  0.032
1423 21.173  0.017  0.785  0.027
1424 21.175  0.019  0.729  0.034
1425 21.176  0.019  0.734  0.027
1426 21.178  0.021  1.403  0.050
1427 21.180  0.021  0.748  0.034
1428 21.182  0.022  0.791  0.038
1429 21.182  0.020  0.833  0.032
1430 21.184  0.021  0.872  0.038
1431 21.189  0.021  0.883  0.040
1432 21.191  0.019  0.785  0.033
1433 21.194  0.020  0.763  0.032
1434 21.194  0.022  0.771  0.032
1435 21.194  0.020  0.786  0.030
1436 21.195  0.018  0.726  0.030
1437 21.196  0.019  0.776  0.032
1438 21.198  0.023  0.954  0.049
1439 21.202  0.020  0.829  0.032
1440 21.207  0.019  0.829  0.036
1441 21.210  0.020  0.896  0.034
1442 21.213  0.019  0.780  0.032
1443 21.213  0.022  0.831  0.041
1444 21.214  0.019  0.759  0.034
1445 21.215  0.020  0.916  0.041
1446 21.215  0.020  0.757  0.032
1447 21.216  0.018  0.789  0.033
1448 21.218  0.019  0.839  0.031
1449 21.218  0.019  0.818  0.034
1450 21.218  0.020  0.710  0.031
1451 21.219  0.019  0.773  0.031
1452 21.221  0.021  0.805  0.032
1453 21.223  0.020  0.759  0.034
1454 21.233  0.020  0.764  0.039
1455 21.235  0.021  0.738  0.045
1456 21.237  0.018  0.761  0.029
1457 21.237  0.019  0.702  0.032
1458 21.237  0.018  0.804  0.033
1459 21.238  0.021  0.800  0.036
1460 21.239  0.018  0.701  0.038
1461 21.240  0.019  0.713  0.029
1462 21.241  0.021  0.808  0.035
1463 21.242  0.023  0.815  0.041
1464 21.243  0.021  0.782  0.032
1465 21.246  0.020  0.872  0.037
1466 21.247  0.019  0.802  0.032
1467 21.249  0.024  0.772  0.035
1468 21.250  0.020  0.756  0.034
1469 21.253  0.020  0.912  0.039
1470 21.255  0.021  0.829  0.034
1471 21.255  0.026  0.726  0.048
1472 21.255  0.020  0.722  0.033
1473 21.256  0.022  0.788  0.035
1474 21.258  0.019  0.857  0.035
1475 21.258  0.020  0.778  0.033
1476 21.259  0.021  0.724  0.030
1477 21.263  0.022  0.710  0.032
1478 21.265  0.022  0.766  0.035
1479 21.265  0.027  0.841  0.053
1480 21.269  0.021  0.797  0.034
1481 21.270  0.019  0.856  0.033
1482 21.270  0.020  0.831  0.032
1483 21.273  0.020  0.861  0.034
1484 21.273  0.021  0.789  0.034
1485 21.275  0.022  0.759  0.040
1486 21.276  0.021  0.809  0.034
1487 21.278  0.020  0.795  0.033
1488 21.285  0.020  0.803  0.038
1489 21.285  0.022  0.529  0.030
1490 21.286  0.026  0.761  0.044
1491 21.287  0.023  0.818  0.035
1492 21.287  0.021  0.779  0.036
1493 21.288  0.022  0.840  0.035
1494 21.288  0.022  0.684  0.039
1495 21.289  0.023  0.805  0.037
1496 21.290  0.021  0.851  0.034
1497 21.293  0.018  0.751  0.031
1498 21.293  0.022  0.908  0.047
1499 21.295  0.021  0.844  0.044
1500 21.297  0.021  0.711  0.040
1501 21.298  0.021  0.804  0.039
1502 21.299  0.023  0.788  0.035
1503 21.303  0.017  0.820  0.032
1504 21.303  0.023  0.754  0.041
1505 21.303  0.022  0.772  0.034
1506 21.309  0.020  0.878  0.034
1507 21.310  0.021  0.815  0.039
1508 21.311  0.020  0.755  0.034
1509 21.311  0.024  0.778  0.037
1510 21.312  0.021  0.945  0.044
1511 21.312  0.021  1.234  0.047
1512 21.312  0.021  0.779  0.035
1513 21.315  0.025  0.846  0.040
1514 21.316  0.023  0.700  0.036
1515 21.317  0.022  0.834  0.034
1516 21.319  0.021  0.883  0.044
1517 21.319  0.023  0.763  0.036
1518 21.321  0.022  0.733  0.037
1519 21.328  0.021  0.803  0.036
1520 21.329  0.020  0.776  0.032
1521 21.330  0.023  0.859  0.040
1522 21.331  0.021  0.826  0.039
1523 21.337  0.021  0.808  0.042
1524 21.337  0.020  0.802  0.032
1525 21.339  0.022  0.799  0.042
1526 21.340  0.021  0.811  0.034
1527 21.340  0.023  0.744  0.045
1528 21.341  0.021  0.750  0.033
1529 21.342  0.024  0.768  0.035
1530 21.345  0.030  0.924  0.044
1531 21.345  0.027  0.722  0.047
1532 21.347  0.022  0.776  0.035
1533 21.347  0.024  0.843  0.037
1534 21.348  0.020  0.909  0.039
1535 21.348  0.024  0.802  0.039
1536 21.349  0.022  0.797  0.038
1537 21.350  0.022  0.877  0.038
1538 21.353  0.023  0.860  0.039
1539 21.354  0.023  0.807  0.035
1540 21.354  0.026  0.908  0.045
1541 21.355  0.030  0.747  0.049
1542 21.357  0.023  0.780  0.047
1543 21.366  0.022  0.597  0.032
1544 21.367  0.023  0.864  0.040
1545 21.367  0.023  0.811  0.036
1546 21.368  0.022  0.764  0.034
1547 21.370  0.021  0.859  0.039
1548 21.370  0.023  0.826  0.039
1549 21.370  0.022  0.846  0.041
1550 21.372  0.020  0.876  0.037
1551 21.373  0.024  0.899  0.039
1552 21.373  0.019  0.786  0.032
1553 21.373  0.026  0.757  0.045
1554 21.378  0.023  0.709  0.041
1555 21.381  0.022  0.690  0.040
1556 21.381  0.023  0.783  0.043
1557 21.384  0.022  0.837  0.035
1558 21.390  0.023  0.739  0.035
1559 21.391  0.023  0.780  0.036
1560 21.393  0.021  0.830  0.036
1561 21.394  0.021  0.811  0.036
1562 21.395  0.020  0.814  0.035
1563 21.396  0.023  0.806  0.041
1564 21.401  0.023  0.936  0.040
1565 21.401  0.026  0.660  0.041
1566 21.402  0.024  0.813  0.043
1567 21.403  0.024  0.761  0.039
1568 21.408  0.024  0.877  0.041
1569 21.410  0.027  0.813  0.047
1570 21.410  0.023  0.861  0.040
1571 21.412  0.026  0.833  0.039
1572 21.412  0.026  0.786  0.051
1573 21.412  0.024  0.839  0.039
1574 21.414  0.022  0.812  0.037
1575 21.414  0.022  0.814  0.037
1576 21.415  0.023  0.807  0.037
1577 21.416  0.025  0.879  0.042
1578 21.417  0.025  0.872  0.044
1579 21.417  0.033  0.608  0.050
1580 21.418  0.025  0.831  0.039
1581 21.419  0.026  0.961  0.045
1582 21.420  0.026  0.915  0.043
1583 21.425  0.022  0.746  0.032
1584 21.425  0.026  0.820  0.041
1585 21.428  0.025  0.757  0.038
1586 21.429  0.025  0.850  0.046
1587 21.429  0.023  0.789  0.041
1588 21.431  0.028  0.889  0.043
1589 21.433  0.022  0.874  0.037
1590 21.434  0.021  0.924  0.041
1591 21.434  0.028  0.766  0.042
1592 21.439  0.022  0.858  0.038
1593 21.442  0.027  0.866  0.043
1594 21.442  0.031  0.764  0.047
1595 21.443  0.023  0.877  0.046
1596 21.445  0.024  0.895  0.042
1597 21.449  0.023  0.824  0.040
1598 21.452  0.024  0.782  0.039
1599 21.453  0.024  0.826  0.043
1600 21.457  0.024  0.757  0.044
1601 21.460  0.027  0.792  0.041
1602 21.461  0.026  0.855  0.042
1603 21.465  0.024  0.883  0.043
1604 21.465  0.024  0.875  0.047
1605 21.467  0.024  0.859  0.054
1606 21.471  0.023  0.821  0.041
1607 21.473  0.023  0.892  0.048
1608 21.474  0.022  0.840  0.046
1609 21.474  0.026  0.725  0.039
1610 21.477  0.031  0.750  0.045
1611 21.477  0.027  0.848  0.046
1612 21.478  0.024  0.834  0.042
1613 21.479  0.028  1.003  0.057
1614 21.480  0.022  0.882  0.041
1615 21.480  0.026  0.807  0.044
1616 21.481  0.024  0.768  0.039
1617 21.483  0.025  0.948  0.049
1618 21.485  0.024  0.742  0.038
1619 21.486  0.025  0.948  0.042
1620 21.487  0.025  0.856  0.045
1621 21.487  0.028  0.792  0.048
1622 21.489  0.024  0.889  0.045
1623 21.489  0.028  0.898  0.054
1624 21.492  0.026  0.804  0.051
1625 21.492  0.033  0.756  0.047
1626 21.492  0.024  0.840  0.041
1627 21.493  0.023  0.679  0.036
1628 21.494  0.025  0.782  0.047
1629 21.494  0.026  0.808  0.051
1630 21.495  0.033  0.777  0.052
1631 21.495  0.022  0.785  0.042
1632 21.502  0.041  0.868  0.056
1633 21.505  0.024  0.920  0.045
1634 21.506  0.028  0.842  0.043
1635 21.507  0.023  0.802  0.038
1636 21.510  0.025  0.780  0.048
1637 21.511  0.024  0.901  0.049
1638 21.512  0.023  0.835  0.041
1639 21.514  0.025  0.874  0.045
1640 21.521  0.024  0.945  0.046
1641 21.524  0.027  0.869  0.047
1642 21.524  0.026  0.876  0.050
1643 21.528  0.026  0.884  0.046
1644 21.529  0.028  0.791  0.049
1645 21.530  0.025  0.839  0.044
1646 21.531  0.023  0.858  0.049
1647 21.531  0.029  0.448  0.041
1648 21.533  0.029  0.852  0.044
1649 21.544  0.025  0.770  0.044
1650 21.550  0.025  0.800  0.043
1651 21.552  0.026  0.738  0.038
1652 21.555  0.027  0.805  0.051
1653 21.555  0.026  0.812  0.042
1654 21.559  0.024  0.927  0.048
1655 21.559  0.028  0.863  0.051
1656 21.560  0.028  0.816  0.050
1657 21.561  0.030  0.823  0.051
1658 21.563  0.024  0.930  0.052
1659 21.563  0.039  0.745  0.056
1660 21.565  0.036  0.864  0.056
1661 21.568  0.025  0.834  0.044
1662 21.573  0.028  0.902  0.054
1663 21.580  0.024  0.787  0.046
1664 21.583  0.026  0.768  0.042
1665 21.584  0.033  0.976  0.053
1666 21.585  0.027  0.858  0.054
1667 21.587  0.029  0.973  0.055
1668 21.590  0.024  0.903  0.043
1669 21.592  0.029  0.884  0.045
1670 21.596  0.025  0.902  0.043
1671 21.596  0.027  1.083  0.054
1672 21.597  0.031  0.849  0.052
1673 21.603  0.028  0.840  0.048
1674 21.608  0.025  0.765  0.044
1675 21.609  0.035  0.969  0.058
1676 21.609  0.028  0.905  0.047
1677 21.611  0.025  0.852  0.047
1678 21.612  0.025  0.737  0.042
1679 21.614  0.031  0.990  0.052
1680 21.618  0.028  0.779  0.054
1681 21.619  0.024  0.885  0.045
1682 21.621  0.027  0.805  0.045
1683 21.622  0.028  0.800  0.053
1684 21.622  0.026  0.976  0.046
1685 21.622  0.026  0.965  0.056
1686 21.625  0.034  0.870  0.056
1687 21.628  0.029  0.865  0.050
1688 21.628  0.028  0.930  0.049
1689 21.628  0.025  0.791  0.043
1690 21.633  0.025  0.901  0.044
1691 21.633  0.030  0.794  0.046
1692 21.633  0.030  0.737  0.045
1693 21.636  0.028  0.929  0.047
1694 21.637  0.030  0.832  0.058
1695 21.637  0.030  0.860  0.050
1696 21.641  0.028  0.755  0.054
1697 21.641  0.029  0.950  0.053
1698 21.646  0.029  0.813  0.051
1699 21.648  0.028  0.892  0.053
1700 21.653  0.031  0.721  0.046
1701 21.653  0.024  0.750  0.045
1702 21.658  0.034  0.748  0.058
1703 21.658  0.028  0.191  0.038
1704 21.660  0.032  0.824  0.057
1705 21.660  0.029  0.799  0.049
1706 21.663  0.028  0.570  0.041
1707 21.681  0.026  0.748  0.055
1708 21.687  0.028  0.852  0.046
1709 21.688  0.029  0.908  0.051
1710 21.689  0.031  0.860  0.052
1711 21.693  0.029  0.886  0.049
1712 21.705  0.036  0.882  0.061
1713 21.707  0.034  0.917  0.057
1714 21.708  0.031  0.955  0.058
1715 21.711  0.031  0.866  0.051
1716 21.712  0.030  1.029  0.054
1717 21.713  0.031  0.928  0.055
1718 21.714  0.029  0.794  0.052
1719 21.715  0.029  0.839  0.050
1720 21.718  0.031  0.904  0.058
1721 21.727  0.027  0.882  0.051
1722 21.742  0.028  0.969  0.054
1723 21.757  0.030  0.813  0.058
1724 21.822  0.038  0.877  0.060
1725 21.822  0.033  0.965  0.058
1726 21.830  0.035  0.872  0.055
1727 21.849  0.045  0.844  0.064
1728 21.858  0.036  0.901  0.061
1729 21.874  0.034  0.852  0.056
1730 22.091  0.046  0.490  0.067
5001 11.973  0.007  1.552  0.009
5002 12.203  0.006  1.306  0.009
5003 12.488  0.007  1.297  0.009
5004 12.668  0.008  1.182  0.010
5005 12.708  0.008  1.200  0.010
5006 13.225  0.006  0.949  0.008
5007 13.407  0.006  1.017  0.009
5008 13.534  0.007  0.984  0.009
5009 13.644  0.006  0.868  0.009
5010 13.648  0.006  0.947  0.008
5011 13.728  0.007  0.953  0.009
5012 13.917  0.006  0.927  0.009
5013 13.939  0.006  0.905  0.009
5014 14.018  0.006  0.901  0.009
5015 14.108  0.007  0.668  0.009
5016 14.171  0.007  0.897  0.009
5017 14.194  0.006  0.703  0.009
5018 14.277  0.006  0.867  0.009
5019 14.332  0.008  0.666  0.010
5020 14.496  0.006  0.827  0.009
5021 14.510  0.007  0.836  0.009
5022 14.519  0.006  0.842  0.009
5023 14.602  0.006  0.842  0.009
5024 14.663  0.007  0.822  0.009
5025 14.702  0.006  0.826  0.009
5026 14.705  0.007  0.820  0.009
5027 14.706  0.006  0.819  0.009
5028 14.708  0.006  0.817  0.009
5029 14.753  0.007  0.818  0.009
5030 14.765  0.007  0.818  0.009
5031 14.776  0.008  0.819  0.010
5032 14.785  0.008  0.825  0.011
5033 14.785  0.007  0.865  0.009
5034 14.795  0.007  0.817  0.010
5035 14.810  0.007  0.831  0.009
5036 14.819  0.006  0.814  0.009
5037 14.827  0.007  0.827  0.009
5038 14.843  0.007  0.839  0.009
5039 14.858  0.006  0.782  0.009
5040 14.867  0.007  0.817  0.009
5041 14.895  0.007  0.825  0.009
5042 14.943  0.006  0.080  0.009
5043 14.945  0.006  0.071  0.009
5044 14.952  0.007  0.793  0.010
5045 14.954  0.007  0.652  0.009
5046 14.958  0.006  0.160  0.010
5047 14.963  0.006  0.086  0.010
5048 14.967  0.007  0.802  0.009
5049 14.969  0.007  0.800  0.009
5050 14.988  0.006  0.157  0.009
5051 15.027  0.007  0.792  0.009
5052 15.035  0.007  0.789  0.009
5053 15.048  0.007  0.792  0.010
5054 15.051  0.007  0.796  0.009
5055 15.080  0.006  0.067  0.010
5056 15.092  0.006  0.040  0.010
5057 15.099  0.007  0.796  0.009
5058 15.124  0.007  0.780  0.009
5059 15.124  0.007  0.779  0.009
5060 15.137  0.006  0.784  0.009
5061 15.143  0.006  0.796  0.009
5062 15.145  0.007  0.780  0.009
5063 15.149  0.006  0.053  0.009
5064 15.163  0.006  0.057  0.009
5065 15.165  0.006  0.792  0.009
5066 15.196  0.007  0.775  0.009
5067 15.224  0.006  0.027  0.009
5068 15.242  0.007  0.754  0.010
5069 15.248  0.006 -0.018  0.009
5070 15.265  0.006  0.001  0.010
5071 15.266  0.007  0.773  0.009
5072 15.274  0.007  0.011  0.010
5073 15.275  0.007  0.774  0.010
5074 15.276  0.006  0.014  0.010
5075 15.281  0.007  0.782  0.010
5076 15.294  0.006  0.011  0.009
5077 15.295  0.006  0.014  0.009
5078 15.309  0.006  0.020  0.010
5079 15.312  0.007  0.763  0.009
5080 15.331  0.007  0.766  0.009
5081 15.340  0.006  0.016  0.009
5082 15.342  0.007  0.752  0.009
5083 15.356  0.007  0.761  0.009
5084 15.358  0.007  0.758  0.009
5085 15.383  0.007  0.755  0.009
5086 15.388  0.007  0.006  0.010
5087 15.399  0.006  0.010  0.010
5088 15.402  0.006 -0.020  0.009
5089 15.409  0.006 -0.013  0.010
5090 15.409  0.007 -0.137  0.010
5091 15.427  0.007  0.746  0.010
5092 15.429  0.006 -0.018  0.009
5093 15.441  0.007  0.774  0.009
5094 15.447  0.006 -0.042  0.010
5095 15.450  0.006 -0.027  0.010
5096 15.452  0.006 -0.016  0.009
5097 15.453  0.006 -0.025  0.009
5098 15.463  0.006 -0.018  0.010
5099 15.464  0.007  0.761  0.010
5100 15.503  0.007 -0.028  0.010
5101 15.517  0.008  0.733  0.010
5102 15.523  0.007 -0.020  0.010
5103 15.589  0.007  0.756  0.010
5104 15.620  0.007  0.747  0.009
5105 15.667  0.007  0.745  0.009
5106 15.675  0.007  0.737  0.010
5107 15.693  0.007  0.732  0.009
5108 15.737  0.007  0.703  0.010
5109 15.739  0.006 -0.079  0.010
5110 15.740  0.007  0.746  0.009
5111 15.774  0.006 -0.043  0.010
5112 15.781  0.006 -0.051  0.010
5113 15.783  0.007  0.757  0.010
5114 15.789  0.007  0.718  0.009
5115 15.875  0.006 -0.058  0.010
5116 15.881  0.007 -0.085  0.010
5117 15.918  0.006 -0.073  0.010
5118 15.926  0.008  0.727  0.010
5119 15.977  0.006 -0.180  0.010
5120 16.044  0.006 -0.097  0.010
5121 16.116  0.007  0.726  0.010
5122 16.134  0.006 -0.105  0.010
5123 16.142  0.006  0.705  0.010
5124 16.187  0.006  0.710  0.010
5125 16.236  0.006 -0.132  0.010
5126 16.334  0.007  0.703  0.010
5127 16.365  0.007 -0.126  0.010
5128 16.384  0.007  0.691  0.011
5129 16.390  0.007  0.247  0.010
5130 16.407  0.007  0.693  0.009
5131 16.408  0.006  0.645  0.010
5132 16.445  0.007 -0.126  0.010
5133 16.523  0.006 -0.112  0.010
5134 16.523  0.007  0.686  0.011
5135 16.563  0.007  0.689  0.011
5136 16.594  0.006 -0.126  0.010
5137 16.636  0.007  0.679  0.011
5138 16.643  0.007 -0.176  0.010
5139 16.703  0.007  0.674  0.010
5140 16.717  0.007  0.676  0.010
5141 16.762  0.007  0.666  0.011
5142 16.808  0.006 -0.124  0.010
5143 16.813  0.008  1.123  0.012
5144 16.837  0.007  0.657  0.011
5145 16.837  0.007  0.674  0.010
5146 16.854  0.007 -0.124  0.010
5147 16.872  0.007  0.670  0.011
5148 16.886  0.007  0.653  0.011
5149 16.901  0.007  0.645  0.011
5150 16.915  0.007  0.659  0.010
5151 16.925  0.007  0.677  0.010
5152 16.957  0.007  0.651  0.011
5153 16.996  0.007 -0.173  0.010
5154 17.009  0.007  0.662  0.011
5155 17.031  0.008  0.655  0.012
5156 17.052  0.006  0.637  0.010
5157 17.072  0.006  0.670  0.010
5158 17.086  0.006 -0.143  0.010
5159 17.090  0.007  0.646  0.011
5160 17.111  0.007 -0.135  0.010
5161 17.131  0.007  0.653  0.011
5162 17.157  0.007  0.642  0.012
5163 17.164  0.007  0.663  0.011
5164 17.172  0.007 -0.156  0.010
5165 17.177  0.007  0.679  0.011
5166 17.189  0.007  0.647  0.011
5167 17.189  0.007  0.651  0.011
5168 17.208  0.007  0.659  0.009
5169 17.210  0.007  0.423  0.010
5170 17.214  0.007  0.623  0.011
5171 17.230  0.007 -0.163  0.011
5172 17.235  0.007  0.654  0.011
5173 17.258  0.008 -0.056  0.012
5174 17.275  0.007  0.635  0.009
5175 17.278  0.007  0.649  0.009
5176 17.280  0.007 -0.162  0.010
5177 17.309  0.008  0.639  0.012
5178 17.322  0.007  0.648  0.011
5179 17.377  0.007 -0.179  0.012
5180 17.382  0.007  0.633  0.011
5181 17.389  0.008  0.627  0.012
5182 17.391  0.007 -0.171  0.011
5183 17.436  0.008  0.619  0.012
5184 17.474  0.008  0.628  0.013
5185 17.485  0.007  0.620  0.011
5186 17.489  0.007  1.560  0.012
5187 17.492  0.007  1.301  0.012
5188 17.496  0.007  0.638  0.011
5189 17.497  0.007  0.649  0.010
5190 17.510  0.007  0.647  0.011
5191 17.524  0.007  0.624  0.009
5192 17.533  0.007  0.633  0.011
5193 17.548  0.007  0.635  0.012
5194 17.600  0.007  0.712  0.011
5195 17.618  0.008  0.632  0.013
5196 17.619  0.007  0.635  0.010
5197 17.624  0.008  0.653  0.010
5198 17.662  0.007  0.613  0.010
5199 17.677  0.007 -0.181  0.010
5200 17.718  0.008 -0.163  0.011
5201 17.720  0.008  0.593  0.012
5202 17.745  0.007  0.620  0.011
5203 17.781  0.008  0.585  0.012
5204 17.781  0.007  0.884  0.011
5205 17.802  0.008  0.810  0.012
5206 17.819  0.008  0.566  0.011
5207 17.824  0.007  0.576  0.012
5208 17.826  0.007  0.570  0.011
5209 17.834  0.007  0.581  0.012
5210 17.837  0.007  0.558  0.012
5211 17.842  0.008  0.579  0.013
5212 17.848  0.008  0.561  0.011
5213 17.849  0.008  0.564  0.011
5214 17.856  0.009  0.571  0.013
5215 17.859  0.007  0.560  0.011
5216 17.874  0.007  0.531  0.011
5217 17.874  0.008  0.554  0.012
5218 17.875  0.007  0.531  0.011
5219 17.886  0.007  0.554  0.012
5220 17.887  0.007  0.554  0.012
5221 17.888  0.007  0.532  0.011
5222 17.891  0.009  0.564  0.013
5223 17.895  0.007 -0.216  0.011
5224 17.895  0.007  1.167  0.012
5225 17.909  0.007  0.519  0.012
5226 17.911  0.008  0.532  0.012
5227 17.914  0.007  0.538  0.012
5228 17.919  0.007  0.524  0.011
5229 17.921  0.007  0.542  0.012
5230 17.923  0.009  0.503  0.014
5231 17.925  0.008  0.508  0.013
5232 17.928  0.008  0.549  0.013
5233 17.929  0.007  0.507  0.011
5234 17.931  0.007  0.508  0.012
5235 17.960  0.008  0.500  0.012
5236 17.962  0.007  0.508  0.012
5237 17.972  0.008  0.518  0.013
5238 17.978  0.007  0.510  0.011
5239 17.985  0.007  0.277  0.011
5240 17.989  0.008  0.503  0.012
5241 17.992  0.007  0.500  0.011
5242 17.997  0.010 -0.222  0.014
5243 17.999  0.007  0.489  0.010
5244 18.008  0.008  0.485  0.012
5245 18.012  0.008  0.501  0.013
5246 18.035  0.008  0.472  0.012
5247 18.035  0.008  0.489  0.012
5248 18.043  0.008  0.493  0.013
5249 18.043  0.008  0.483  0.012
5250 18.046  0.009  0.476  0.015
5251 18.065  0.008  0.493  0.013
5252 18.067  0.008  0.453  0.013
5253 18.070  0.008  0.827  0.013
5254 18.082  0.007  0.471  0.010
5255 18.094  0.009  0.464  0.013
5256 18.105  0.009  0.482  0.013
5257 18.108  0.007  0.477  0.011
5258 18.108  0.008  0.470  0.012
5259 18.120  0.008  0.466  0.012
5260 18.121  0.008  0.468  0.012
5261 18.134  0.008  0.466  0.012
5262 18.134  0.007  0.450  0.010
5263 18.146  0.008  0.475  0.012
5264 18.150  0.008  0.464  0.013
5265 18.151  0.008  0.619  0.012
5266 18.156  0.009  0.456  0.013
5267 18.157  0.009  0.477  0.012
5268 18.162  0.007  0.442  0.010
5269 18.166  0.010  0.499  0.015
5270 18.167  0.008  0.464  0.012
5271 18.175  0.008  0.445  0.013
5272 18.180  0.008  0.472  0.012
5273 18.185  0.008  0.442  0.012
5274 18.189  0.008  0.437  0.013
5275 18.193  0.008 -0.232  0.012
5276 18.199  0.007  0.441  0.012
5277 18.205  0.008 -0.227  0.012
5278 18.206  0.008  0.462  0.013
5279 18.211  0.007  0.465  0.012
5280 18.212  0.008  0.449  0.012
5281 18.213  0.010  0.015  0.015
5282 18.224  0.008  0.468  0.012
5283 18.227  0.008  0.445  0.012
5284 18.230  0.008  0.457  0.013
5285 18.231  0.008  0.448  0.011
5286 18.248  0.007 -0.267  0.011
5287 18.254  0.007  0.448  0.012
5288 18.262  0.008 -0.237  0.012
5289 18.262  0.008  0.444  0.012
5290 18.264  0.007  0.458  0.011
5291 18.264  0.009  0.463  0.013
5292 18.269  0.009  0.455  0.013
5293 18.273  0.010  0.463  0.016
5294 18.276  0.008  0.451  0.012
5295 18.281  0.008  0.440  0.012
5296 18.281  0.007  0.440  0.012
5297 18.281  0.008  0.438  0.012
5298 18.281  0.009  0.445  0.013
5299 18.287  0.008  0.451  0.012
5300 18.290  0.008  0.432  0.012
5301 18.293  0.008  0.438  0.012
5302 18.293  0.008  0.438  0.012
5303 18.304  0.008  0.440  0.010
5304 18.309  0.008  0.446  0.012
5305 18.310  0.008  0.437  0.012
5306 18.311  0.007  0.436  0.012
5307 18.314  0.008  1.384  0.013
5308 18.316  0.008  0.437  0.013
5309 18.318  0.008  0.438  0.012
5310 18.320  0.008  0.456  0.012
5311 18.324  0.008  0.436  0.012
5312 18.330  0.008  0.439  0.013
5313 18.349  0.008  0.451  0.013
5314 18.352  0.009  0.432  0.013
5315 18.354  0.007  0.420  0.011
5316 18.357  0.008  0.449  0.012
5317 18.360  0.009  0.446  0.014
5318 18.367  0.008  0.447  0.011
5319 18.369  0.008  0.457  0.012
5320 18.373  0.007  0.448  0.012
5321 18.384  0.008  0.439  0.013
5322 18.398  0.008  0.424  0.013
5323 18.403  0.009  0.425  0.013
5324 18.404  0.010  0.457  0.017
5325 18.407  0.008  0.427  0.012
5326 18.408  0.009  0.434  0.013
5327 18.419  0.009  0.432  0.014
5328 18.421  0.008 -0.244  0.012
5329 18.429  0.009 -0.172  0.012
5330 18.430  0.009  0.438  0.013
5331 18.431  0.008  0.432  0.012
5332 18.436  0.011 -0.302  0.018
5333 18.438  0.008  0.450  0.013
5334 18.439  0.009  0.430  0.013
5335 18.440  0.009  0.440  0.014
5336 18.446  0.009  0.455  0.013
5337 18.450  0.008  0.455  0.013
5338 18.453  0.010  0.451  0.016
5339 18.457  0.008  1.543  0.016
5340 18.461  0.007  0.448  0.012
5341 18.464  0.009  0.438  0.014
5342 18.466  0.009  0.444  0.013
5343 18.473  0.010  0.457  0.014
5344 18.476  0.008  0.764  0.012
5345 18.479  0.009  0.432  0.014
5346 18.485  0.008  0.444  0.014
5347 18.485  0.008  0.415  0.012
5348 18.488  0.008  0.428  0.012
5349 18.488  0.008  0.432  0.013
5350 18.493  0.009  0.445  0.014
5351 18.494  0.008  0.434  0.012
5352 18.498  0.009  0.444  0.013
5353 18.499  0.009  0.441  0.014
5354 18.506  0.008  0.462  0.013
5355 18.509  0.009  0.441  0.013
5356 18.512  0.008  0.440  0.011
5357 18.523  0.009  0.434  0.013
5358 18.531  0.010  0.415  0.014
5359 18.533  0.009  0.445  0.014
5360 18.539  0.009  0.448  0.013
5361 18.546  0.009  0.450  0.014
5362 18.551  0.009  0.440  0.013
5363 18.552  0.011  0.451  0.016
5364 18.553  0.009  0.450  0.013
5365 18.553  0.008  0.448  0.012
5366 18.554  0.010 -0.241  0.014
5367 18.555  0.009  0.449  0.013
5368 18.565  0.008  0.420  0.013
5369 18.566  0.009  0.418  0.014
5370 18.573  0.009  0.439  0.014
5371 18.575  0.008  0.425  0.013
5372 18.576  0.008  0.422  0.012
5373 18.587  0.009  0.430  0.013
5374 18.589  0.009  0.446  0.013
5375 18.590  0.008  0.447  0.013
5376 18.592  0.009  0.420  0.013
5377 18.593  0.009  0.453  0.014
5378 18.601  0.009 -0.228  0.014
5379 18.603  0.009  0.431  0.013
5380 18.603  0.009  0.444  0.013
5381 18.606  0.009  0.421  0.014
5382 18.606  0.008  0.451  0.013
5383 18.607  0.009  0.421  0.013
5384 18.614  0.009  0.636  0.015
5385 18.615  0.009  0.448  0.013
5386 18.615  0.009  0.444  0.013
5387 18.619  0.009  0.439  0.014
5388 18.621  0.009  0.439  0.014
5389 18.625  0.009  0.441  0.014
5390 18.628  0.009  0.464  0.014
5391 18.628  0.009  0.427  0.013
5392 18.629  0.016  0.434  0.019
5393 18.635  0.008  0.415  0.013
5394 18.636  0.008  0.436  0.013
5395 18.636  0.009  0.424  0.013
5396 18.639  0.010  0.448  0.015
5397 18.642  0.012  0.485  0.016
5398 18.648  0.009  0.431  0.014
5399 18.649  0.008  0.446  0.013
5400 18.660  0.009  0.441  0.014
5401 18.664  0.009  0.437  0.014
5402 18.665  0.009  0.441  0.013
5403 18.665  0.009  0.428  0.013
5404 18.674  0.009  0.441  0.014
5405 18.675  0.009  0.436  0.014
5406 18.677  0.008  0.433  0.013
5407 18.677  0.009  0.462  0.013
5408 18.683  0.013 -0.129  0.017
5409 18.683  0.008  0.848  0.015
5410 18.685  0.008  0.470  0.013
5411 18.685  0.009  0.442  0.014
5412 18.691  0.008 -0.236  0.012
5413 18.691  0.009  0.460  0.014
5414 18.693  0.008  0.418  0.013
5415 18.694  0.008  0.434  0.013
5416 18.699  0.008  0.433  0.013
5417 18.699  0.009  0.422  0.014
5418 18.767  0.011 -0.324  0.016
5419 18.774  0.009 -0.267  0.012
5420 19.084  0.009 -0.285  0.014
5422 20.255  0.016  0.138  0.025
5424 20.769  0.045  0.240  0.059
