         1 126.450000      2341.040000      19.8539      0.02897       728.26            31801         OK  13.900000   0.000000   0.000000   annulus     circle  
         2 132.210000      2419.710000      19.3376      0.01755       720.17            51163         OK  13.400000   0.000000   0.000000   annulus     circle  
         3 197.390000      2489.000000      18.8368      0.01007          723            81145         OK  11.700000   0.000000   0.000000   annulus     circle  
         4 299.970000      2413.050000      19.9559      0.02615       720.74            28951         OK  11.400000   0.000000   0.000000   annulus     circle  
         5 382.070000      2376.540000      18.9383       0.0118       723.08            73903         OK  12.700000   0.000000   0.000000   annulus     circle
         6 157.970000      2040.310000      17.8117      0.00614       721.45           208600         OK  18.300000   0.000000   0.000000   annulus     circle
         7  90.480000      2057.740000      18.9917      0.01419       721.86            70356         OK  14.800000   0.000000   0.000000   annulus     circle
         8 567.350000      2266.030000      13.5175      0.00038        734.7        1.089e+07         OK  31.800000   0.000000   0.000000   annulus     circle
         9 608.160000      2396.520000        17.35       0.0043       723.26           319150         OK  19.000000   0.000000   0.000000   annulus     circle
        10 475.350000      2488.140000      18.8705       0.0114       727.41            78667         OK  13.000000   0.000000   0.000000   annulus     circle
        11 594.870000      1924.120000      17.2412      0.00372       722.37           352790         OK  17.700000   0.000000   0.000000   annulus     circle
        12 717.710000      2077.360000      17.8195      0.00534       724.08           207110         OK  15.300000   0.000000  90.000000   annulus     circle
        13 421.530000      2121.690000      17.1372      0.00334       731.84           388270         OK  17.000000   0.000000   0.000000   annulus     circle
        14 194.650000      1753.730000      17.0734      0.00347       716.89           411740         OK  19.400000   0.000000   0.000000   annulus     circle
        15 464.830000      1602.900000      17.5072      0.00431       710.51           276120         OK  16.300000   0.000000   0.000000   annulus     circle
        16 749.180000      1617.100000      15.9138      0.00151       723.41        1.198e+06         OK  21.100000   0.000000   0.000000   annulus     circle
        17 891.870000      1849.400000      16.1786      0.00183       741.84           938820         OK  20.800000   0.000000  90.000000   annulus     circle
        18 999.050000      1801.580000      18.8091      0.01258       739.06            83244         OK  15.300000   0.000000  90.000000   annulus     circle
        19 817.920000      1513.390000      17.0246      0.00308       731.36           430670         OK  17.200000   0.000000   0.000000   annulus     circle
        20 1204.790000      1564.630000      13.7217      0.00043       759.45       9.0221e+06         OK  32.500000   0.000000   0.000000   annulus     circle
        21 1070.840000      1520.970000      17.1742       0.0034        742.9           375240         OK  16.600000   0.000000   0.000000   annulus     circle
        22 875.770000      1410.840000      18.3038      0.00786       714.52           132580         OK  15.000000   0.000000   0.000000   annulus     circle
        23 1025.920000      1339.860000      14.9087      0.00085       729.11       3.0237e+06         OK  26.600000   0.000000   0.000000   annulus     circle
        24 566.170000      1430.270000      14.4853      0.00063       719.95       4.4657e+06         OK  25.500000   0.000000   0.000000   annulus     circle
        25 788.260000      1288.960000      16.8631      0.00291        716.8           499740         OK  19.200000   0.000000   0.000000   annulus     circle
        26 690.760000      1081.200000      17.0488      0.00321       716.83           421190         OK  17.900000   0.000000   0.000000   annulus     circle
        27 808.930000      1169.460000      20.1454      0.02941       714.45            24313         OK  10.800000   0.000000   0.000000   annulus     circle
        28 528.160000      1029.690000      17.6233      0.00481       709.27           248130         OK  16.600000   0.000000   0.000000   annulus     circle
        29 785.930000      984.460000      18.8417      0.01027       714.85            80787         OK  12.000000   0.000000   0.000000   annulus     circle
        30 603.850000      956.150000      18.9186      0.01156       706.67            75262         OK  12.800000   0.000000   0.000000   annulus     circle
        31 630.070000      800.780000      16.6975      0.00252       702.73           582120         OK  19.000000   0.000000   0.000000   annulus     circle
        32 812.460000      758.210000      18.8613      0.01116       705.19            79338         OK  13.000000   0.000000   0.000000   annulus     circle
        33 925.420000      695.140000      18.1764      0.00725       705.71           149090         OK  15.600000   0.000000   0.000000   annulus     circle
        34 1120.050000      818.840000       15.052      0.00091       715.39       2.6498e+06         OK  25.200000   0.000000   0.000000   annulus     circle
        35 980.220000      976.990000       17.206      0.00362       715.09           364410         OK  17.800000   0.000000   0.000000   annulus     circle
        36 1106.240000      1003.830000      14.5893      0.00069        717.3       4.0578e+06         OK  27.200000   0.000000   0.000000   annulus     circle
        37 1043.770000      690.800000      17.5235      0.00432       708.72           272030         OK  16.100000   0.000000   0.000000   annulus     circle
        38 1272.080000      1104.060000      18.0534      0.00684       721.35           166970         OK  16.300000   0.000000  90.000000   annulus     circle
        39 1349.540000      763.840000      15.4543       0.0011       722.66       1.8293e+06         OK  21.300000   0.000000   0.000000   annulus     circle
        40 1453.950000      1046.120000      15.1985      0.00107       737.11       2.3153e+06         OK  28.300000   0.000000   0.000000   annulus     circle
        41 1312.310000      921.480000      18.4805      0.00875       720.25           112660         OK  14.200000   0.000000   0.000000   annulus     circle
        42 1446.310000      709.960000      16.1057      0.00185       712.84       1.0039e+06         OK  23.400000   0.000000   0.000000   annulus     circle
        43 1220.790000      695.980000      19.4837      0.01845       708.78            44724         OK  12.400000   0.000000   0.000000   annulus     circle
        44 1274.310000      560.130000      18.0102      0.00613       713.26           173740         OK  15.000000   0.000000   0.000000   annulus     circle
        45 1375.160000      543.970000      18.5848      0.00998       711.94           102350         OK  15.000000   0.000000   0.000000   annulus     circle
        46 1512.420000      447.820000      15.9592       0.0016       712.27        1.149e+06         OK  22.200000   0.000000   0.000000   annulus     circle
        47 1038.720000      433.840000      15.1766      0.00092       713.61       2.3625e+06         OK  21.500000   0.000000   0.000000   annulus     circle
        48 1121.570000      338.150000       14.812      0.00079       709.27       3.3053e+06         OK  26.400000   0.000000   0.000000   annulus     circle
        49 862.890000      321.440000      14.1891      0.00054       702.96        5.866e+06         OK  26.900000   0.000000   0.000000   annulus     circle
        50 972.430000      312.180000      19.5126      0.01856       700.01            43548         OK  12.200000   0.000000   0.000000   annulus     circle
        51 1131.930000      212.570000      17.7556      0.00505       700.52           219660         OK  15.500000   0.000000   0.000000   annulus     circle
        52 1318.830000      351.220000      17.8786      0.00586       710.43           196140         OK  16.300000   0.000000   0.000000   annulus     circle
        53 1397.610000      224.100000      13.2848      0.00036       716.48       1.3492e+07         OK  44.000000   0.000000   0.000000   annulus     circle
        54 1316.570000      101.880000      15.4326       0.0011       707.66       1.8662e+06         OK  22.400000   0.000000   0.000000   annulus     circle
        55 1450.760000      103.970000      18.6763      0.00948        702.2            94078         OK  13.000000   0.000000   0.000000   annulus     circle
        56 1616.550000      202.020000       16.354      0.00201          706           798720         OK  20.000000   0.000000   0.000000   annulus     circle
        57 1719.380000      373.220000      15.6226       0.0013       709.37       1.5666e+06         OK  23.600000   0.000000   0.000000   annulus     circle
        58 1589.130000      548.120000      16.5989      0.00249       716.56           637450         OK  20.600000   0.000000   0.000000   annulus     circle
        59 1947.960000      235.420000      15.8906      0.00143       706.25        1.224e+06         OK  19.800000   0.000000   0.000000   annulus     circle
        60 1921.520000      406.140000      14.9914      0.00089       712.22       2.8018e+06         OK  26.900000   0.000000   0.000000   annulus     circle
        61 1914.850000      698.050000      15.8615      0.00144        733.2       1.2571e+06         OK  20.500000   0.000000   0.000000   annulus     circle
        62 1801.040000      875.920000      14.7278      0.00074       735.54       3.5716e+06         OK  25.600000   0.000000   0.000000   annulus     circle
        63 1294.420000      2325.650000      14.9108      0.00092       800.63       3.0178e+06         OK  30.200000   0.000000   0.000000   annulus     circle
        64 1074.850000      2618.290000      13.8161      0.00045       754.72       8.2714e+06         OK  31.100000   0.000000   0.000000   annulus     circle
        65 758.250000      2838.980000      14.9205      0.00085       733.01       2.9909e+06         OK  26.100000   0.000000   0.000000   annulus     circle
        66 645.750000      2872.620000      14.2934      0.00057       730.32       5.3288e+06         OK  27.000000   0.000000   0.000000   annulus     circle
        67 796.660000      3108.050000      16.4497      0.00205       760.45           731350         OK  17.700000   0.000000   0.000000   annulus     circle
        68 1040.280000      3099.360000      16.3438      0.00197        740.8           806290         OK  19.200000   0.000000   0.000000   annulus     circle
        69 1180.700000      2897.950000      19.1139      0.01608       750.62            62867         OK  14.800000   0.000000   0.000000   annulus     circle
        70 1095.520000      3435.740000      16.2386      0.00193       727.02           888330         OK  21.300000   0.000000   0.000000   annulus     circle
        71 1086.130000      3758.610000      14.8987      0.00085       729.55       3.0514e+06         OK  27.200000   0.000000   0.000000   annulus     circle
        72 993.960000      3784.170000      13.1829      0.00032       725.26       1.4819e+07         OK  36.200000   0.000000   0.000000   annulus     circle
        73 1241.920000      3815.810000       14.652      0.00071       724.92       3.8301e+06         OK  26.200000   0.000000   0.000000   annulus     circle
        74 1090.540000      3578.750000      17.4595      0.00459       720.56           288550         OK  18.400000   0.000000   0.000000   annulus     circle
        75 1358.110000      3691.450000      18.9679      0.01621       719.65            71919         OK  17.500000   0.000000   0.000000   annulus     circle
        76 1526.400000      3663.520000        15.83       0.0017       722.88       1.2942e+06         OK  28.200000   0.000000   0.000000   annulus     circle
        77 1733.950000      3763.350000       17.211      0.00374       722.73           362740         OK  18.400000   0.000000   0.000000   annulus     circle
        78 1811.280000      3766.530000      16.9831      0.00351          725           447450         OK  21.500000   0.000000   0.000000   annulus     circle
        79 1759.550000      3962.980000      14.9983      0.00096       718.63       2.7842e+06         OK  30.500000   0.000000   0.000000   annulus     circle
        80 1769.200000      3502.390000      14.7618      0.00081       749.63       3.4618e+06         OK  29.700000   0.000000   0.000000   annulus     circle
